-3.57954264e-01	-7.58481264e-01	
1.59657732e-01	5.44652164e-01	
1.84326446e+00	-3.37880641e-01	
-1.78519320e+00	-4.09831226e-01	
4.84120697e-01	1.14785589e-01	
-4.58190113e-01	1.01973958e-01	
4.42979008e-01	-7.40856349e-01	
-2.48707905e-01	-5.87330639e-01	
2.59589404e-01	3.56498271e-01	
8.82964969e-01	-5.08132517e-01	
1.18869161e-02	2.52479225e-01	
9.39143002e-02	5.90879500e-01	
4.66044456e-01	-6.37853622e-01	
-4.84519005e-02	2.48301014e-01	
3.91180575e-01	4.01044458e-01	
1.32150269e+00	1.01473033e-01	
-1.21679854e+00	-4.29699689e-01	
-2.84213394e-01	-3.96898091e-02	
-9.23197389e-01	-3.38389695e-01	
1.95928931e-01	-4.37068433e-01	
-3.42387408e-01	5.50817072e-01	
1.81274846e-01	-6.59656405e-01	
-7.00645268e-01	-1.07377559e-01	
-1.04620492e+00	-4.01740372e-01	
3.44004691e-01	-5.40363491e-01	
-1.96956038e-01	6.75117970e-02	-2.26698011e-01	-1.10154875e-01	-1.66839465e-01	-1.60327598e-01	-2.41728753e-01	-2.52376571e-02	3.63139033e-01	2.56190032e-01	2.08079055e-01	1.94066748e-01	-2.00154245e-01	-6.42284676e-02	-1.41582966e-01	7.17987239e-01	1.97027445e-01	1.50450738e-02	1.49566066e-02	-3.01202744e-01	1.87408969e-01	-8.65086615e-02	-1.90330390e-02	3.29654038e-01	-4.71462309e-01	
1.70008332e-01	8.66850838e-02	1.44233897e-01	5.30202389e-02	1.85066625e-01	-1.46553144e-01	3.64949495e-01	2.20007405e-01	1.15007408e-01	2.01858118e-01	-1.55818313e-01	5.15935430e-03	2.52420217e-01	-1.76443964e-01	-1.60387740e-01	-1.92043221e+00	2.04311639e-01	-1.38978228e-01	2.28619799e-01	3.09706420e-01	2.47425791e-02	3.25812668e-01	-3.28430571e-02	7.10777044e-02	1.06984042e-01	
-2.14814350e-01	-5.87932840e-02	-1.63997993e-01	3.23519647e-01	-2.21351627e-02	4.93477583e-02	-3.53918411e-02	-1.79470107e-01	3.17433089e-01	3.54286097e-02	2.48895049e-01	4.36280034e-02	-9.01121125e-02	1.37946829e-01	3.92091982e-02	6.38726532e-01	3.38048428e-01	1.27392977e-01	2.47334823e-01	-5.26995420e-01	-1.44589111e-01	-9.42192599e-02	1.95048660e-01	2.89811730e-01	-4.44633007e-01	
-1.21438131e-01	9.21043158e-02	2.10718662e-01	5.87365143e-02	-1.45277575e-01	7.50745535e-02	3.93490121e-02	-2.53077716e-01	4.17940766e-01	8.67238417e-02	2.54899770e-01	8.04500580e-02	-1.46359593e-01	-2.15644449e-01	1.66364666e-02	-1.84565043e+00	-1.85396969e-01	3.39840166e-02	-9.16472301e-02	-1.43148351e+00	3.19807529e-02	5.37028462e-02	4.78459001e-02	-6.33931607e-02	-3.96027356e-01	
3.09517831e-01	1.05227232e-02	-6.36650100e-02	2.63670564e-01	-1.37204289e-01	-7.59908184e-02	3.29841584e-01	-6.71823248e-02	-3.34955186e-01	6.93755671e-02	-1.57296449e-01	-1.74330041e-01	9.05915126e-02	1.72852457e-01	1.34786114e-01	-1.30378056e+00	-7.22780228e-02	2.69162585e-03	1.58595696e-01	3.98645103e-01	1.41739354e-01	8.83975253e-02	-1.17766917e-01	5.84139228e-02	2.94388324e-01	
1.31105706e-01	1.22695327e-01	6.37776628e-02	-1.07816532e-01	1.01758979e-01	1.91163775e-02	-1.91241503e-01	4.31236736e-02	6.43682107e-02	5.59800258e-03	-1.10900858e-02	-1.03354216e-01	5.17517589e-02	1.36096746e-01	1.70875058e-01	-3.87029052e-02	-1.01398349e-01	-5.71521036e-02	-3.68294492e-02	-1.31105095e-01	4.32446003e-02	-1.59741744e-01	-2.06125483e-01	6.66164532e-02	9.61117726e-03	
1.32950559e-01	-3.11747547e-02	-2.13395968e-01	-1.93628535e-01	-1.20444894e-01	7.20886737e-02	-1.85035914e-01	-1.28010169e-01	6.26289994e-02	3.12172323e-02	1.66601539e-01	1.27791569e-01	-1.95364788e-01	-9.92275700e-02	8.34128913e-03	-2.19415978e-01	1.23527206e-01	-1.38921008e-01	1.57273877e-02	2.47414187e-02	1.73072338e-01	3.53920348e-02	-6.55219704e-02	-2.06648007e-01	9.46530513e-03	
1.18323639e-01	-1.74703345e-01	2.78347701e-01	-1.92622989e-01	1.13830090e-01	-4.42566164e-02	3.75301987e-01	5.96041046e-02	-1.30734250e-01	2.36697823e-01	-8.61415043e-02	-1.30924687e-01	3.50593686e-01	-1.08272722e-02	-4.54993509e-02	-1.55075991e+00	6.69279136e-03	-4.42747101e-02	2.41284117e-01	3.45258355e-01	-1.31482512e-01	1.39739245e-01	-1.27375051e-01	2.04574630e-01	5.36676943e-02	
-3.52167517e-01	-6.84933215e-02	-2.36357041e-02	-1.34511262e-01	1.52424797e-01	-9.85031351e-02	-3.20160948e-02	-2.49716565e-01	6.31211162e-01	3.76489908e-01	5.57669818e-01	4.87144962e-02	-4.60192598e-02	-1.91932067e-01	-1.95811745e-02	1.58738744e+00	-1.66066840e-01	6.52101859e-02	-1.14442639e-01	-3.31299573e-01	1.01630524e-01	-1.29976403e-02	1.29408449e-01	7.99539238e-02	-2.78043121e-01	
4.16131407e-01	-4.90365028e-02	2.47468874e-01	8.13295692e-02	-1.66520715e-01	1.49786070e-01	2.38966160e-02	2.39018556e-02	-2.23281160e-01	1.85491726e-01	-2.13228911e-01	1.10184669e-01	2.01472566e-01	2.15817653e-02	1.63996890e-01	-2.01812434e+00	1.24759257e-01	-2.68231500e-02	2.90947586e-01	9.29122865e-02	6.34066388e-02	3.46857578e-01	2.44659483e-01	5.41863181e-02	2.90382266e-01	
-4.47801799e-01	-1.07127927e-01	2.80258477e-01	-6.30826175e-01	1.55432850e-01	1.41558513e-01	1.12498682e-02	-3.49550068e-01	9.27321911e-01	3.40739876e-01	7.31154859e-01	8.67829546e-02	-1.21197283e-01	-7.47449175e-02	-3.85686867e-02	1.56485140e+00	-1.23390161e-01	5.59108071e-02	-2.79255062e-02	-5.33008814e-01	1.02405481e-01	-1.29939377e-01	-2.13398095e-02	2.08842047e-02	-3.72051716e-01	
-3.34554464e-01	-1.66595891e-01	1.04449868e-01	-2.78102785e-01	9.95659828e-02	-1.95309207e-01	-2.09005490e-01	-1.36741519e-01	7.39306271e-01	4.21791710e-02	8.52109611e-01	-8.15297142e-02	-2.85064340e-01	3.48996185e-02	9.09775048e-02	1.18094206e+00	1.00780912e-01	8.78841206e-02	9.35808867e-02	-1.19055963e+00	-3.78000736e-02	7.26820007e-02	2.69475013e-01	-3.47061679e-02	-9.28113699e-01	
5.27524389e-02	1.46878362e-01	-1.15621768e-01	3.51487808e-02	1.46930888e-01	-3.80139356e-03	-4.78422567e-02	8.03815722e-02	6.81850985e-02	-1.34644404e-01	1.48515359e-01	5.38650751e-02	4.22331505e-02	-4.06545885e-02	3.64547037e-02	6.42323717e-02	-5.31442761e-02	8.76717549e-03	1.80578887e-01	-1.19374730e-01	6.91642752e-03	-1.37172937e-01	5.33338524e-02	-5.24540655e-02	1.24466186e-02	
-2.27327883e-01	7.49985203e-02	-7.55625144e-02	-1.94030225e-01	-8.04379731e-02	-1.65243387e-01	-3.22768331e-01	-1.11418918e-01	3.56827945e-01	1.39508128e-01	4.78301644e-01	1.15383223e-01	-2.44962618e-01	-1.07361056e-01	-1.27406910e-01	5.25179446e-01	3.04408878e-01	1.04040660e-01	5.98039292e-02	-2.35574663e-01	1.02241756e-02	-1.31455779e-01	3.21207941e-01	1.83275998e-01	-3.82227123e-01	
-6.77854270e-02	8.79075304e-02	3.00391782e-02	1.39072612e-01	-9.37324092e-02	-4.26258557e-02	-1.78493440e-01	-1.83426306e-01	-1.22791767e-01	1.24322727e-01	-1.73921794e-01	-8.46573338e-02	-3.38006914e-02	-7.92758912e-02	4.94287983e-02	-1.48154795e-01	-8.67390782e-02	1.35520056e-01	5.48221841e-02	2.07604170e-02	5.21765724e-02	-5.46530299e-02	8.98025110e-02	-1.36920616e-01	-4.90837768e-02	
3.35815847e-01	1.56721428e-01	1.50511354e-01	2.53085434e-01	-1.36060240e-02	6.26523495e-02	1.63952425e-01	-2.81310380e-02	-9.68492553e-02	1.47267759e-01	1.61598891e-01	1.56188253e-02	-1.35612302e-03	-1.72820855e-02	-5.97578995e-02	-4.35584354e+00	3.68839979e-01	-1.09996021e-01	2.80917257e-01	-1.25346994e-02	1.15733743e-01	1.29465923e-01	1.48099333e-01	-4.18369919e-02	-1.22644097e-01	
-1.77692045e-02	4.23190854e-02	1.18968524e-01	-5.74390888e-02	1.85175493e-01	-1.29418358e-01	1.70208454e-01	-1.11651316e-01	-4.51539755e-02	-1.42722368e-01	-8.86834320e-03	-1.61739275e-01	4.70350832e-02	1.32353351e-01	-1.21529080e-01	1.50745407e-01	-2.41197273e-02	1.92172453e-01	-1.68736912e-02	1.02523386e-01	-1.25606850e-01	-1.99591756e-01	-1.94606438e-01	-5.78154437e-03	-1.11070171e-01	
5.42693175e-02	1.95633247e-01	-1.33846804e-01	1.71207786e-01	1.20796181e-01	-1.17506526e-01	-1.80396229e-01	-1.40245080e-01	-6.19414337e-02	-7.33762458e-02	6.84584752e-02	1.72885463e-01	1.81829095e-01	-5.22607565e-02	-8.52546915e-02	-1.55525833e-01	1.29475504e-01	6.04888462e-02	6.90648481e-02	-2.60614716e-02	4.81618419e-02	6.11724705e-02	-6.99544773e-02	-1.81655705e-01	1.59455612e-01	
-1.24619737e-01	-1.56604320e-01	-2.21188903e-01	-2.35282555e-01	-1.20630383e-01	-1.38661385e-01	-5.23673594e-02	-1.85516000e-01	2.76515126e-01	4.87687029e-02	4.01615143e-01	-1.38489887e-01	-4.27928776e-01	-6.17512278e-02	-2.78129335e-02	5.01812398e-01	9.91272628e-02	-1.47806123e-01	-5.10256784e-03	-5.57140708e-01	5.96250556e-02	2.39418641e-01	3.88753414e-01	1.02448605e-01	-2.03677326e-01	
-9.14649218e-02	-3.04938555e-02	-3.02039951e-01	6.48734450e-01	4.41999920e-02	1.22979306e-01	-2.16271147e-01	-2.24101394e-02	5.93619458e-02	-7.15557858e-02	1.24898516e-01	5.79990633e-02	-1.47866562e-01	-1.33555317e-02	6.49820343e-02	-5.87666810e-01	1.16725758e-01	-1.82781160e-01	2.78887808e-01	-2.24264592e-01	-9.63319317e-02	-5.80127630e-03	5.06652415e-01	4.18954670e-01	-2.23064587e-01	
1.31558180e-02	1.14616059e-01	-1.80785661e-03	-1.38510108e-01	-1.61039121e-02	1.68981910e-01	8.09612311e-03	-6.55910522e-02	1.13353826e-01	-6.50625750e-02	-1.39121056e-01	2.13875771e-02	1.25686362e-01	1.92320347e-01	1.41916439e-01	2.21061949e-02	5.06316908e-02	-7.39891306e-02	-1.01642613e-03	-5.05555645e-02	-8.42397194e-03	-1.57242417e-01	-8.65255818e-02	-1.47002935e-02	1.43129351e-02	
4.17266548e-01	-1.66509464e-01	1.73383847e-01	5.94443977e-01	1.56917885e-01	-8.22754651e-02	1.81129575e-01	3.17592591e-01	-7.67022431e-01	-3.22230250e-01	-4.80443746e-01	1.97321817e-01	1.52585104e-01	-4.49489318e-02	1.90586671e-01	1.73373073e-01	1.01906257e-02	-2.78292559e-02	3.05782109e-01	5.20690858e-01	1.63369521e-01	2.09217548e-01	-7.75537565e-02	-1.68800145e-01	2.98832268e-01	
-3.67005728e-03	8.24609771e-02	-2.21199203e+00	2.72854537e-01	1.47746608e-01	1.21195726e-01	3.59182991e-02	5.12204692e-02	-5.60319088e-02	-2.03492567e-01	-9.51716825e-02	-4.32865396e-02	-1.24279961e-01	-1.63717628e-01	-1.26463130e-01	1.90588430e-01	-6.71833977e-02	1.17351986e-01	1.25044361e-01	-3.05540919e+00	7.15396926e-02	6.96844757e-02	2.79853851e-01	5.18215373e-02	-1.13411233e-01	
-4.95146811e-02	1.26546264e-01	4.57372963e-01	-8.02597404e-02	1.95173338e-01	-7.26801157e-02	3.71623755e-01	4.90263626e-02	4.96447608e-02	-2.57857237e-02	-1.56120524e-01	-1.10374093e-01	4.76849735e-01	1.44365758e-01	-4.60220575e-02	-6.46984437e-03	6.08209819e-02	1.75024778e-01	-7.65941441e-02	2.04839543e-01	5.20840175e-02	2.42298320e-01	-1.56827942e-01	-2.54579097e-01	3.65425885e-01	
-2.86114942e-02	9.59897041e-02	-1.55360341e-01	-1.56714842e-01	-8.31941590e-02	-1.33912370e-01	1.65818527e-01	9.79131982e-02	5.02890125e-02	-7.31086284e-02	-1.21439174e-01	2.38857996e-02	-1.77333310e-01	1.32704735e-01	1.90505937e-01	4.33181524e-02	4.90669981e-02	1.62803419e-02	-1.39046432e-02	-1.46220967e-01	2.80942675e-02	-1.67229041e-01	-1.72882065e-01	9.33241174e-02	-2.27366444e-02	
-9.30174813e-02	-1.88481644e-01	-7.49004856e-02	-7.71083385e-02	-1.88680679e-01	-1.94771409e-01	1.56911146e-02	-1.95747644e-01	7.55636469e-02	-1.72115013e-01	2.43998058e-02	-1.47892281e-01	4.13029455e-02	1.84071824e-01	-3.98560539e-02	-1.36030152e-01	1.75816521e-01	4.55887318e-02	5.63801043e-02	-1.02304414e-01	-1.65765569e-01	-9.50323567e-02	-3.72402673e-03	1.20697714e-01	-5.70739284e-02	
1.84048876e-01	7.49540329e-03	-1.55090138e-01	-7.58620277e-02	-9.07219201e-02	1.83590442e-01	-1.98668987e-01	1.07185006e-01	-7.09393770e-02	-1.81437045e-01	1.85747154e-03	-1.29506975e-01	8.43481999e-03	1.51135668e-01	5.90884686e-02	1.16820864e-01	6.48698583e-02	-1.36859059e-01	-1.71942245e-02	-1.88846901e-01	7.03301420e-03	-1.32489488e-01	-1.19726397e-01	-1.31920844e-01	-1.69550449e-01	
-1.14383101e-02	-1.96755365e-01	-6.36582300e-02	1.25303805e-01	-5.61002344e-02	-2.03619003e-02	1.95506141e-01	-6.71988865e-03	-3.20667773e-02	-1.26732315e-03	1.76664636e-01	-1.93277314e-01	6.36914521e-02	-9.01530460e-02	7.21769109e-02	1.61978714e-02	-1.49247721e-01	1.51254877e-01	5.34996800e-02	-9.51645002e-02	-1.43537268e-01	-6.36916049e-03	-1.23139575e-01	-1.20924450e-01	1.50511146e-01	
4.41448271e-01	-2.17497405e-02	2.98983902e-01	8.29029381e-01	-1.27606496e-01	3.32532190e-02	-1.85625717e-01	-6.41794801e-02	3.24980944e-01	2.08935693e-01	8.72118115e-01	8.42718840e-01	5.77029735e-02	4.71497834e-01	-1.71481952e-01	-6.74236655e-01	-3.32200230e-04	1.60572201e-01	2.97944218e-01	-7.37751052e-02	-1.51509196e-01	-6.06709123e-01	9.17853713e-01	-8.56767893e-02	3.31455730e-02	
2.61838436e-02	8.96827579e-02	7.51282834e-03	-2.39677615e-02	-3.71474251e-02	6.16416940e-03	9.69938114e-02	-2.25124925e-01	9.04414058e-03	1.27099082e-01	-5.38552366e-03	-2.07485214e-01	-2.61182780e-03	-1.42016008e-01	1.48941115e-01	-9.13532823e-02	-7.38720670e-02	-1.72566324e-01	6.65429831e-02	-4.98842075e-02	-3.36680673e-02	1.45004988e-01	2.53769625e-02	-1.04703289e-03	-1.64830327e-01	
2.22171351e-01	7.64403939e-02	2.26557165e-01	9.93859768e-01	-3.90184228e-03	-1.48773253e-01	1.76447079e-01	3.09637725e-01	2.93184817e-01	8.61617774e-02	4.23141390e-01	6.62138700e-01	2.89598573e-02	2.47792080e-01	-1.79321170e-01	-4.79979724e-01	-3.45856808e-02	-1.22962728e-01	2.15916216e-01	4.47932705e-02	-1.27351999e-01	1.37444511e-01	2.66364247e-01	1.67930543e-01	4.88649867e-02	
6.41765594e-02	8.48566070e-02	9.14421119e-03	9.94275585e-02	-1.61099777e-01	-3.86724249e-02	-1.52659044e-01	-8.51449966e-02	1.09870676e-02	-1.83298275e-01	-1.72847033e-01	1.68523386e-01	-1.53790072e-01	1.48919940e-01	6.20665327e-02	4.51019779e-02	-6.15772493e-02	-1.77090287e-01	-1.78478315e-01	-1.10279873e-01	-1.52564570e-01	3.40669416e-02	2.97130588e-02	-1.33215502e-01	1.37626410e-01	
-3.04033726e-01	5.92943504e-02	-5.69231868e-01	3.89274025e+00	3.77335817e-01	-2.30800323e-02	-3.49784316e-03	3.07674885e-01	-1.31883696e-01	1.48653373e-01	3.10282093e-02	-5.30765593e-01	1.98753864e-01	-6.67591274e-01	1.06286094e-01	1.18880343e+00	-1.70436665e-01	1.13383003e-01	-5.00048757e-01	-1.91663122e+00	-1.40529752e-01	2.77067095e-01	2.97878534e-02	3.85632485e-01	-1.50662020e-01	
-1.38806045e-01	-2.16891021e-01	9.20110047e-02	1.62867725e-01	-2.43450832e-02	1.34878829e-01	-1.70646429e-01	-8.41981396e-02	1.17320403e-01	1.48836926e-01	8.52286145e-02	-2.51160085e-01	1.00862958e-01	1.30086407e-01	1.44056514e-01	1.34751931e-01	-1.51224688e-01	-1.83985516e-01	-2.52963871e-01	-1.70078129e-01	1.06860302e-01	-8.38371925e-03	-1.49972439e-01	-1.79369047e-01	1.55517822e-02	
9.68805328e-02	1.61415428e-01	5.17153263e-01	8.79669964e-01	-1.10917844e-01	1.15907393e-01	-2.07289066e-02	2.95214504e-01	3.37241255e-02	3.78047466e-01	5.57472944e-01	4.66216475e-01	4.98365276e-02	2.06699297e-01	-1.89516678e-01	-2.45516613e-01	-7.87619874e-02	9.45128426e-02	3.43061268e-01	4.00589913e-01	1.60323173e-01	1.42341852e-01	-3.78897451e-02	-1.99123263e-01	-1.36178166e-01	
-1.81950931e-03	4.00841720e-02	2.85368651e-01	4.33822680e+00	-7.99650475e-02	-1.80609468e-02	-1.45723626e-01	-1.83653086e-01	6.00435734e-01	-2.84936935e-01	1.76105604e-01	6.78799301e-02	-1.88819826e-01	9.31355078e-03	1.68511823e-01	-1.13699837e-02	1.46743339e-02	-1.47305727e-01	2.53328204e-01	1.28775418e-01	8.87634791e-03	-2.56128699e-01	5.64395130e-01	-9.79511976e-01	-1.49231002e-01	
5.25236130e-04	-8.47926661e-02	-1.18592285e-01	3.87858152e-02	1.80923447e-01	2.97100544e-02	1.54012203e-01	-7.50116110e-02	-1.36469126e-01	-2.84804832e-02	1.02135301e-01	1.46635011e-01	-1.05240874e-01	-1.83881521e-01	-1.63098097e-01	1.16756655e-01	-2.01538336e-02	-1.12286784e-01	-3.12219150e-02	1.67342111e-01	-7.88239464e-02	-1.56588897e-01	-4.10104059e-02	-1.30208418e-01	1.97942138e-01	
-2.22465649e-01	2.33131081e-01	8.39175731e-02	-1.50008166e+00	3.85820895e-01	9.35453102e-02	9.46381539e-02	2.34951362e-01	-9.99974251e-01	2.63203025e-01	-2.14970136e+00	-1.86129105e+00	-1.19552627e-01	2.14618654e-03	9.76888165e-02	7.10021555e-01	1.34915099e-01	1.87994570e-01	-1.18223116e-01	-1.87462226e-01	-3.33978646e-02	4.67696249e-01	-2.88045675e-01	-4.53330994e-01	1.84223650e-03	
-5.75080886e-02	-1.99564084e-01	-1.07865177e-01	-1.78641438e-01	-4.68313089e-03	-1.23547673e-01	3.61042023e-02	-9.79527086e-03	-2.26580262e-01	6.78142980e-02	1.11073457e-01	1.06291525e-01	1.71203688e-01	-7.67949894e-02	-1.56762078e-01	-1.47299871e-01	3.93479839e-02	-1.53428987e-01	-1.89111996e-02	-1.77283600e-01	-1.65125892e-01	-1.70504794e-01	-3.09381243e-02	1.29937798e-01	1.17862441e-01	
2.97707945e-01	1.68233976e-01	4.05709773e-01	9.37950313e-01	1.62814766e-01	-2.34130174e-02	-2.24202033e-02	2.60799438e-01	-1.11521013e-01	2.87536025e-01	3.24291259e-01	6.12644494e-01	-5.10413758e-02	1.19749866e-01	-7.39341974e-02	-9.31993127e-02	-1.97440043e-01	1.99398637e-01	3.49312365e-01	2.57910639e-01	1.90322444e-01	7.70132542e-02	-6.40155673e-02	1.41812101e-01	-1.41696617e-01	
5.58236167e-02	1.37267604e-01	6.13166876e-02	8.74057829e-01	1.73426762e-01	1.57729998e-01	1.88046604e-01	4.85732146e-02	1.58725306e-01	1.07446358e-01	4.23551381e-01	5.86374521e-01	-1.71446219e-01	3.89614999e-01	-1.58999920e-01	-6.21854842e-01	-6.55274987e-02	1.61777169e-01	3.59383494e-01	1.62403043e-02	1.21556543e-01	9.22089219e-02	2.06581995e-01	9.09137540e-03	9.71972272e-02	
1.98777065e-01	2.85833210e-01	3.55857730e-01	7.77995825e-01	-1.80693254e-01	6.99473172e-02	-1.62784860e-01	1.70348421e-01	5.27593754e-02	1.28032729e-01	3.46805364e-01	5.85434139e-01	-1.35961816e-01	1.78752512e-01	2.06848625e-02	-4.49618965e-01	1.75658166e-01	-9.05798748e-02	3.40284258e-01	3.52602899e-01	-7.75389448e-02	1.27106711e-01	2.22747594e-01	-6.50178716e-02	1.59205198e-01	
7.31817186e-02	-1.31151512e-01	-5.55242002e-02	7.54526034e-02	6.85319230e-02	-1.43828079e-01	1.29747599e-01	-1.72421232e-01	-3.71793248e-02	1.63532063e-01	1.39408112e-01	-1.67041533e-02	-1.94114476e-01	-1.95062280e-01	-8.45722482e-02	1.10709958e-03	1.95941210e-01	4.37610177e-03	1.38786867e-01	-1.40619604e-02	-1.28410175e-01	-1.62839085e-01	7.36098317e-03	-1.34593248e-01	-1.37638479e-01	
1.59391791e-01	4.20385115e-02	3.46463472e-01	1.16976726e+00	-9.54476297e-02	2.94595025e-03	1.25761569e-01	8.90657213e-03	2.53191799e-01	-1.87052712e-02	9.50337172e-01	6.12223208e-01	-1.00621276e-01	4.85573828e-01	-1.62691146e-01	-6.34281933e-01	8.78432989e-02	-1.38126612e-01	3.58179748e-01	-4.24301550e-02	3.46929543e-02	-5.03652394e-01	8.98528874e-01	-9.17210281e-02	1.19762920e-01	
1.07665658e-01	6.66931495e-02	-2.85759126e-03	-1.88624412e-01	-2.10565358e-01	1.08048134e-01	7.32871518e-02	-2.03854982e-02	-1.73745051e-01	-9.21410918e-02	-1.15188770e-01	-2.14621350e-01	-1.37094483e-01	-2.12837100e-01	-1.34163618e-01	1.11644663e-01	-1.85956761e-01	-1.45983845e-01	-1.22051790e-01	2.85223387e-02	1.71575218e-01	-1.77285179e-01	-1.89451888e-01	-2.13542640e-01	1.64880991e-01	
-2.26044636e-02	1.69855893e-01	-1.98843569e-01	3.67263436e+00	3.26186031e-01	-7.13803200e-03	-3.76529694e-02	5.03879368e-01	-7.97499955e-01	4.28043723e-01	-7.40378797e-01	-1.77901363e+00	1.64207295e-01	-7.84107596e-02	-1.24878608e-01	4.69999701e-01	-3.12546007e-02	-4.33824211e-02	-2.28976354e-01	-9.39253807e-01	1.42256692e-01	1.47123024e-01	8.74677002e-01	3.87712628e-01	-1.07270651e-01	
1.71395406e-01	6.46675766e-01	-1.54631227e-01	-2.23695803e+00	1.58511370e-01	-7.27905368e-04	2.78223362e-02	8.24994802e-01	5.31681836e-01	3.47241282e-01	3.52727175e-01	1.07469988e+00	6.06655367e-02	2.31613263e-01	-1.39152631e-01	-1.21140230e+00	5.41182049e-02	9.81138274e-02	6.39001727e-01	-2.81485468e-01	2.64556403e-03	-7.68628478e-01	-1.92132568e+00	-2.68869400e+00	-1.67556450e-01	
7.52710924e-02	-2.23614633e-01	-6.49286389e-01	-5.27651787e-01	-2.00671196e-01	6.33587390e-02	1.38492525e-01	-4.08691689e-02	9.21466947e-01	-5.92185371e-02	6.40390098e-01	1.12162721e+00	2.36673970e-02	-2.47389242e-01	1.92529872e-01	9.45798278e-01	1.67734966e-01	-5.25456443e-02	5.25807366e-02	-1.86372781e+00	-7.60289431e-02	-1.61112249e-01	-1.55460417e-01	4.79443409e-02	-3.51754203e-02	
2.54558176e-01	4.17043597e-01	1.13263145e-01	9.53242004e-01	-4.28651320e-03	-1.06573179e-02	-3.12368050e-02	3.19788009e-02	2.10778877e-01	7.06267580e-02	5.20017624e-01	7.69569337e-01	-1.35702059e-01	1.64177239e-01	-1.25021249e-01	-6.06658041e-01	-4.76017781e-02	-2.97355112e-02	1.62259251e-01	5.29151559e-02	-9.56213251e-02	2.16131479e-01	1.99489594e-01	1.62679274e-02	-1.14738040e-01	
-5.41371226e-01	2.24291712e-01	-1.13883018e+00	2.73989654e+00	2.91333944e-01	-1.20085895e-01	1.37040481e-01	3.30903262e-01	1.74000770e-01	1.38451932e-02	2.20040783e-01	-5.01723997e-02	-2.01788191e-02	-3.62181753e-01	-1.42548606e-01	9.00191963e-01	1.46926627e-01	-1.84112906e-01	-4.46079642e-01	-2.96170759e+00	9.66305286e-02	-4.08283249e-02	1.25450715e-01	6.48276567e-01	-1.87655881e-01	
1.73900291e-01	2.34557875e-02	-5.90801891e-03	1.28216422e+00	4.09597903e-02	6.83501542e-01	1.21851042e-01	-1.62337327e+00	-1.08670451e-01	3.57909381e-01	1.40852988e+00	-1.63561508e-01	-2.14567876e+00	1.59583315e-01	5.16891181e-01	5.27363539e-01	3.44228268e-01	-4.40681614e-02	1.35099816e+00	-3.73367667e-02	-1.05881298e+00	-4.23201561e+00	-2.13402462e+00	5.30570447e-01	-1.77253425e+00	
-7.97291696e-01	
1.17487118e-01	
1.03136040e-01	
9.45603568e-03	
-2.19306573e-01	
-6.42646313e-01	
-5.14557362e-01	
-4.71195877e-01	
9.15216863e-01	
9.23198104e-01	
7.12279022e-01	
-6.87191367e-01	
-6.36230528e-01	
2.83713639e-01	
-3.74271609e-02	
-2.78423488e-01	
5.92213273e-01	
-3.34514529e-01	
1.00171216e-01	
-8.08981955e-01	
-1.28709555e-01	
-1.84476981e-03	
5.47209024e-01	
7.82832086e-01	
-8.81441891e-01	
2.40128204e-01	
1.08607290e-02	
2.93952286e-01	
2.61862993e-01	
-4.15060639e-01	
-8.02001208e-02	
2.55119633e-02	
-5.10639995e-02	
4.46637124e-01	
8.12844038e-02	
5.18226266e-01	
4.42296237e-01	
8.97503644e-02	
4.36789602e-01	
1.27750933e-01	
5.26831821e-02	
1.54877052e-01	
-1.70067862e-01	
4.80539620e-01	
4.62902933e-01	
-1.33331925e-01	
-1.26500458e-01	
2.02240363e-01	
-2.11642459e-01	
-5.54370657e-02	
-1.50207445e-01	
-1.89313993e-01	
-4.98143807e-02	
2.89067298e-01	
-2.01540470e-01	
1.30195990e-01	
-7.32059255e-02	
-1.80344388e-01	
1.15907259e-01	
5.74170768e-01	
-1.47506863e-01	
-3.83170843e-02	
-1.01240225e-01	
-1.87261760e-01	
3.47653449e-01	
4.02064681e-01	
5.02735257e-01	
-2.12821633e-01	
3.91380757e-01	
-1.47234306e-01	
3.34286653e-02	
5.08422494e-01	
-1.02153951e-02	
2.95933336e-01	
-7.00138286e-02	
4.52014476e-01	
