6.37006462e-01	-6.78144574e-01	
-4.60594952e-01	7.13828027e-01	
4.99299556e-01	8.38201463e-01	
-2.51062512e-01	4.18984205e-01	
-5.33327758e-01	2.04680622e-01	
-6.13893211e-01	-3.79233778e-01	
6.59940660e-01	-6.20583668e-02	
-5.02421379e-01	-5.13796583e-02	
2.81354815e-01	-3.59732628e-01	
-5.48419237e-01	3.66780370e-01	
2.44394228e-01	-3.47717911e-01	
5.63933909e-01	1.82068229e-01	
-6.19240284e-01	-1.17508256e+00	
-6.55894279e-02	-3.76479072e-03	
-3.10576200e-01	-7.21130013e-01	
2.22478166e-01	5.13278414e-03	
-5.17725766e-01	-9.29754913e-01	
-3.16638649e-01	-7.88183391e-01	
-1.96553439e-01	3.59946817e-01	
-6.08335078e-01	2.39779010e-01	
4.41773981e-01	3.56597751e-02	
3.79294574e-01	-5.25020242e-01	
3.74000520e-01	-1.37277171e-01	
-6.57034874e-01	-1.89301014e-01	
1.23815298e-01	-4.59041804e-01	
-4.09524411e-01	-5.32472312e-01	
-6.00793958e-01	-2.86965460e-01	
-1.78494304e-01	-8.23590934e-01	
-2.27422014e-01	-3.80532324e-01	
-7.14013875e-01	-3.69023055e-01	
3.38231236e-01	-1.39620036e-01	
-2.56673634e-01	2.76113003e-01	
1.14481328e-02	-2.83282876e-01	
-3.08492780e-01	7.88760602e-01	
2.18417019e-01	-6.25596642e-02	
5.08532166e-01	-4.35162574e-01	
4.78921741e-01	6.51795685e-01	
-3.35206419e-01	-8.55946392e-02	
7.05190539e-01	-6.20929182e-01	
-5.51092401e-02	-5.05014122e-01	
-5.51527329e-02	-1.01855258e-02	-1.56774163e-01	-2.69248616e-02	9.39054862e-02	1.73271850e-01	1.54044971e-01	6.99290335e-02	1.35911182e-01	-1.00890949e-01	-1.48436740e-01	-1.29195258e-01	-2.06997275e-01	1.14452466e-01	2.45774776e-01	3.44184518e-01	2.83964872e-01	2.05080792e-01	-2.88610905e-02	-9.51210707e-02	1.46733433e-01	1.55681238e-01	1.20312929e-01	2.19522864e-01	-3.62131260e-02	2.36501604e-01	1.73691407e-01	8.91668648e-02	2.70870060e-01	-1.74997207e-02	5.79318330e-02	-5.30674607e-02	1.88278228e-01	-2.65839189e-01	8.48277956e-02	1.78562629e-03	-7.28659391e-01	-1.74939036e-02	9.96058434e-02	2.69160479e-01	
7.86689594e-02	1.31666422e-01	1.66825131e-01	1.06205396e-01	-2.46436801e-02	-6.43190891e-02	8.92590880e-02	-6.76403046e-02	-4.94812317e-02	8.45363811e-02	8.02942812e-02	2.99350382e-03	6.20295703e-01	1.21378981e-01	2.94043459e-02	1.21777609e-01	-1.73785180e-01	-2.01811329e-01	-1.13559179e-01	2.00720355e-01	-5.97934760e-02	6.49691820e-02	1.32897183e-01	1.11538544e-01	1.81145463e-02	6.21281937e-02	-8.66715163e-02	-1.37550905e-01	-4.96704690e-02	1.00791998e-01	-4.42002937e-02	4.98146303e-02	1.94067329e-01	5.69832437e-02	1.49949312e-01	9.46291089e-02	1.58049569e-01	2.31997967e-02	9.64928567e-02	-1.03708014e-01	
8.91479924e-02	-1.89209282e-02	-9.30548087e-03	-7.03212768e-02	7.39238709e-02	-1.23105563e-01	7.78718293e-02	1.21973172e-01	-1.15397424e-02	2.44229976e-02	1.53795451e-01	-1.34715401e-02	-9.46228281e-02	7.24331290e-02	1.14216864e-01	1.08222485e-01	-1.36767909e-01	6.70383126e-02	8.32752883e-02	4.52250568e-03	-5.76905906e-02	9.63077135e-03	-8.29197466e-02	-1.06128886e-01	9.11444426e-02	1.08581416e-01	1.55868217e-01	1.56702191e-01	1.36172757e-01	-1.83330011e-02	1.48097992e-01	1.10820597e-02	1.20212182e-01	-1.57095715e-02	6.13964396e-03	-1.49010688e-01	6.90166280e-02	-7.54394159e-02	-1.79319773e-02	-1.32354662e-01	
-1.16654724e-01	-9.72374231e-02	9.35933515e-02	-1.45133749e-01	5.16710170e-02	1.41719297e-01	-1.09973319e-01	-1.26278087e-01	-4.16140370e-02	-3.10909394e-02	1.42805591e-01	1.13669120e-01	-1.83406532e+00	-3.40317450e-02	1.70469254e-01	-7.67126828e-02	1.11205719e-01	1.92793027e-01	-1.04968339e-01	-1.58135697e-01	-1.92068238e-02	-1.47450805e-01	-1.12402715e-01	1.22884408e-01	-3.89606543e-02	1.08964480e-01	-1.66811362e-01	4.64381307e-01	-4.14880887e-02	-2.34561972e-02	1.55556992e-01	1.54159978e-01	9.37386081e-02	-4.36722971e-02	-2.84010042e-02	8.38382542e-02	-1.34313494e-01	1.10797115e-01	7.66045973e-02	3.08706641e-01	
-1.52675673e-01	1.66377485e-01	-2.66588449e-01	-2.61853393e-02	1.55132383e-01	-5.46063632e-02	-5.18089645e-02	2.77973861e-01	4.20456119e-02	5.72902523e-02	6.70324117e-02	-3.01129892e-02	-9.91786599e-01	-1.03201747e-01	-2.36891896e-01	-4.56819624e-01	-3.76828521e-01	-4.67217058e-01	1.54749244e-01	1.67873234e-01	-9.67695937e-02	-1.48560375e-01	2.08864082e-02	6.83828965e-02	1.70025323e-02	-7.10014850e-02	1.24930367e-02	-3.22418809e-01	-1.37473851e-01	6.63284808e-02	1.23379037e-01	-6.23749532e-02	-5.20335674e-01	2.67913252e-01	2.86422484e-02	9.54534709e-02	-9.05469596e-01	-5.34461401e-02	-5.09540476e-02	-5.80187082e-01	
1.44779548e-01	1.21956773e-01	7.90726300e-03	1.60281971e-01	-4.92224582e-02	-2.25867823e-01	1.06372379e-01	3.23777348e-01	8.82426426e-02	4.04453054e-02	8.12220275e-02	-4.13776934e-02	-1.06871474e+00	-4.90351282e-02	-1.11603998e-01	-2.70796061e-01	-4.13459122e-01	-4.01905000e-01	3.28293711e-01	1.01239689e-01	-1.51054814e-01	-3.12840752e-02	7.92890415e-02	1.10998362e-01	1.27585053e-01	-8.68926570e-02	5.47710545e-02	-4.67603087e-01	-1.77702576e-01	1.31920308e-01	1.96839217e-02	5.60972840e-03	-2.67039627e-01	1.58953771e-01	1.05210021e-01	8.13364610e-02	-2.62640659e-02	-2.85156425e-02	-1.53498068e-01	-2.17877552e-01	
1.07303955e-01	-8.00550729e-02	-2.62904093e-02	1.40351295e-01	-7.05933571e-02	-1.35261208e-01	-5.14218137e-02	2.10857894e-02	4.35008779e-02	-4.89637814e-02	8.39663893e-02	1.79824922e-02	6.59666136e-02	-1.45551130e-01	-1.18671797e-01	-5.89569360e-02	-1.52178958e-01	7.14031458e-02	1.37468442e-01	-1.49553314e-01	-7.31115863e-02	1.42468646e-01	6.37515411e-02	-3.24466377e-02	-1.75881218e-02	-1.44781902e-01	-3.04560154e-03	-1.22778555e-02	-1.38760775e-01	-1.49242938e-01	-1.21311791e-01	-1.20874278e-01	-1.54494002e-01	1.23191118e-01	-5.71868047e-02	-1.54464573e-01	1.02959625e-01	1.17587619e-01	3.09805926e-02	4.74659540e-02	
6.32233620e-02	-4.32320721e-02	-5.11286438e-01	2.94155944e-02	1.34746596e-01	1.36659294e-01	-1.25974596e-01	1.30290061e-01	1.33036552e-02	-8.88548195e-02	-7.56329000e-02	1.38145342e-01	-2.15995908e-01	-2.34528743e-02	2.45003089e-01	-6.13673091e-01	3.10695767e-01	2.43974194e-01	1.03746869e-01	7.88318813e-02	1.51576161e-01	-1.22644920e-02	-5.27133234e-02	-4.94185649e-02	-7.67106265e-02	1.90117061e-01	2.16265053e-01	3.15068930e-01	-6.12432370e-03	3.44131321e-01	1.18595669e-02	-9.68650635e-03	7.58859515e-02	1.57786123e-02	1.31809562e-01	-1.55515999e-01	-1.60162017e-01	3.95114534e-02	-6.82015568e-02	-1.64110601e-01	
-1.18816271e-01	-4.34666499e-02	-1.42526031e-01	-7.32646212e-02	1.01941854e-01	1.24746732e-01	-1.21904247e-01	1.26641214e-01	1.11534119e-01	-1.30294889e-01	-5.75451367e-02	3.56997438e-02	-5.51129431e-02	9.08205509e-02	-8.54232758e-02	-1.55982614e-01	-1.22034110e-01	-2.32717600e-02	-1.30426049e-01	-5.95289916e-02	-5.59614338e-02	9.88910496e-02	1.06359616e-01	-7.66675547e-02	-1.05967678e-01	4.96332087e-02	3.55358943e-02	-4.71532755e-02	4.72193770e-02	-9.05543473e-03	-7.90065229e-02	-1.33434264e-02	-9.42177922e-02	-5.68769313e-02	-3.29253376e-02	4.93492559e-02	8.67444575e-02	-1.51065677e-01	-1.38039052e-01	-4.91625778e-02	
-1.68529674e-02	-9.76031497e-02	-6.08668268e-01	4.88314591e-02	1.68547139e-01	1.09938450e-01	1.31809041e-01	1.35221705e-01	-9.94918495e-02	1.36107236e-01	2.29140315e-02	1.19313970e-01	-7.63002276e-01	8.86518322e-03	1.74961138e+00	-5.22175431e-01	2.54492939e-01	6.30452996e-03	2.02772602e-01	-8.02198276e-02	7.93042928e-02	-6.49603605e-02	1.09003253e-01	6.67080209e-02	-1.05526321e-01	1.99377209e-01	2.59469241e-01	2.31921554e+00	-1.85359567e-02	1.76917046e-01	-9.09482874e-03	6.18715547e-02	3.41180190e-02	-4.92184535e-02	-4.22144011e-02	-8.10408778e-03	-2.89284796e-01	-4.25314866e-02	-4.75619696e-02	-1.65970936e-01	
-1.45082593e-01	1.78057328e-01	3.23262215e-02	1.92685246e-01	1.61808729e-01	-1.22844227e-04	-9.30097252e-02	2.97887892e-01	-7.01925159e-02	1.71436116e-01	-4.02077585e-02	1.26920402e-01	4.85399932e-01	1.74838323e-02	-1.16869323e-01	-7.52286538e-02	6.39855955e-03	-3.71069834e-03	2.15912104e-01	1.70625821e-01	-1.49314582e-01	-8.95523559e-03	6.44163340e-02	1.44946873e-01	8.17774795e-03	-1.88779339e-01	1.88431367e-02	1.97281539e-02	2.62036454e-02	8.67651254e-02	-9.79832634e-02	1.86445430e-01	-3.76079120e-02	1.98618442e-01	-9.66361463e-02	-1.39339074e-01	1.43177891e-02	-1.23593032e-01	-3.07336561e-02	-2.38557324e-01	
7.24876598e-02	1.72965750e-01	1.52176932e-01	1.02604866e-01	1.37886973e-02	1.15681849e-02	-1.91740282e-02	-6.51705414e-02	-1.00237295e-01	5.17823212e-02	-1.04901545e-01	-1.13098532e-01	6.56631291e-01	-1.20373867e-01	4.91068512e-02	2.11055115e-01	-1.51378602e-01	-2.42844254e-01	1.44231588e-01	1.62290692e-01	-8.51983204e-03	-5.25432527e-02	8.47107619e-02	-1.45297915e-01	-5.33035882e-02	-1.62876874e-01	-6.29881620e-02	-4.26785536e-02	7.13870004e-02	3.76564898e-02	3.12880874e-02	1.15002885e-01	-8.04759115e-02	1.95569471e-01	-1.20007463e-01	5.69707416e-02	1.66843623e-01	8.79423395e-02	-1.46802654e-03	-7.59979263e-02	
1.27235845e-01	-1.43998221e-01	5.44660203e-02	6.39968589e-02	-1.34569049e-01	1.06633961e-01	9.78333950e-02	9.28273052e-03	-6.97163269e-02	-9.61411223e-02	5.00456356e-02	-3.05427192e-03	2.95548812e-02	-8.71395767e-02	3.68830450e-02	-5.37984595e-02	-1.41030371e-01	7.43862838e-02	1.49993077e-01	-1.45637318e-01	5.24912849e-02	7.24685267e-02	-8.96106735e-02	-1.29193395e-01	7.18773827e-02	4.85414006e-02	-9.96390171e-03	1.49287999e-01	-1.23708680e-01	1.01646364e-01	-1.02087893e-01	-6.51409477e-02	3.62368003e-02	-3.13011520e-02	-9.27760359e-03	4.87338640e-02	6.14026785e-02	6.60559013e-02	-1.44014016e-01	-1.57299608e-01	
-2.05968749e-02	-1.50945801e-02	-1.10159338e-01	1.50345103e-03	8.53653774e-02	2.49488071e-01	2.51189079e-02	-2.06482306e-01	1.35255605e-02	1.05679466e-03	1.02297604e-01	-1.02360480e-01	-3.26546788e-01	5.19379554e-03	2.37676486e-01	5.49529269e-02	2.20961750e-01	1.99209794e-01	-2.21015349e-01	-1.28640786e-01	-1.51278064e-01	-6.11080006e-02	-2.70432234e-02	1.42708719e-01	-2.83368621e-02	2.61849284e-01	6.26864508e-02	1.33759394e-01	1.70314640e-01	-1.02918945e-01	1.17000509e-02	-1.07034110e-01	2.34260578e-02	-9.64110419e-02	-1.05691977e-01	-1.32378772e-01	-2.91736990e-01	2.16615722e-01	7.14719445e-02	1.15963928e-01	
-5.16428314e-02	1.46374777e-01	-9.98600364e-01	-1.18960924e-01	5.41286394e-02	8.67004618e-02	2.00229324e-02	4.29652303e-01	4.73078527e-02	1.92628756e-01	-7.00219721e-02	1.65371783e-02	1.50223565e+00	-2.31913775e-02	-9.41307247e-02	-5.71535408e-01	3.35661113e-01	-3.95428576e-03	1.79725885e-01	1.49554148e-01	4.30868864e-02	7.98337087e-02	4.06891340e-03	-7.67907351e-02	2.44603362e-02	5.69872737e-01	3.54645640e-01	-1.70701087e-01	1.38854925e-02	4.45003182e-01	-2.97622904e-02	1.30219012e-01	-3.68592888e-01	-7.33524114e-02	-8.29151832e-04	1.53633535e-01	7.15074595e-03	1.19631559e-01	1.28457382e-01	-3.32401216e-01	
1.53900497e-02	-1.40287265e-01	-4.13486101e-02	-1.33691832e-01	-1.40781760e-01	-1.09062947e-01	1.35436594e-01	-1.09293818e-01	1.52306914e-01	1.26849130e-01	9.46734399e-02	-2.44060159e-02	-3.82507034e-02	1.24856807e-01	-9.83405188e-02	7.30938315e-02	-1.00373738e-02	1.37633923e-02	1.03234584e-02	-1.13889761e-01	4.40069847e-02	1.19620822e-01	-1.57729328e-01	-8.89993366e-03	-3.46446373e-02	-1.22853573e-02	-3.53177786e-02	7.56550627e-03	-7.66951889e-02	-1.21601537e-01	6.18008003e-02	-8.40138867e-02	9.82470438e-02	7.64463283e-03	-1.17351487e-01	-1.22460753e-01	-1.10353604e-01	1.07983254e-01	6.93758801e-02	1.21552318e-01	
4.72187921e-02	-1.18703514e-01	-1.46283701e-01	-1.01776175e-01	-1.31132126e-01	3.41402851e-02	-1.22851782e-01	5.04714660e-02	-5.66057190e-02	-6.34949356e-02	-4.75046337e-02	8.74602124e-02	1.18686520e-02	-1.70082622e-03	-8.95696431e-02	5.68082295e-02	-8.19654539e-02	-2.60366686e-02	-6.79337140e-03	-1.05957255e-01	-5.68753481e-02	-1.23466723e-01	6.72403499e-02	-1.28538668e-01	-1.42873630e-01	1.13172270e-01	-2.21989341e-02	-1.14467703e-01	-5.89991957e-02	-1.48690090e-01	-6.64625783e-03	-7.36353546e-02	-2.52157710e-02	-3.22822407e-02	-8.34183097e-02	1.21425301e-01	1.54138729e-01	-1.54301465e-01	-2.17845272e-02	4.18750905e-02	
-1.27011880e-01	2.25016415e-01	-4.64945018e-01	1.74247146e-01	1.92934215e-01	-2.16622669e-02	-5.26822992e-02	7.48833120e-01	1.27830878e-01	7.79099837e-02	-1.41142413e-01	-6.34500533e-02	9.43183064e-01	-8.23910236e-02	1.27330974e-01	-8.05622101e-01	7.85877109e-01	2.95228601e-01	4.45061982e-01	-2.17020996e-02	-5.42154461e-02	5.70980087e-02	2.29219683e-02	1.40818655e-02	8.47983137e-02	8.20729315e-01	3.23635519e-01	-3.00137550e-02	-3.18618745e-01	1.56036153e-01	-1.46091193e-01	1.23170525e-01	-1.12354016e+00	3.74804765e-01	1.39247090e-01	1.48503870e-01	6.06624126e-01	6.21341094e-02	-3.87685113e-02	-5.78929484e-01	
-5.83543628e-02	-8.75461623e-02	-7.69848898e-02	3.65703814e-02	8.32344890e-02	2.32260942e-01	-1.04112498e-01	-1.69265032e-01	5.53990267e-02	3.26114707e-02	-1.32600427e-01	8.77947360e-02	-7.51948714e-01	2.18207479e-01	1.97301760e-01	2.88448840e-01	1.04491897e-01	1.63344428e-01	-1.76671162e-01	-1.27790108e-01	-5.60177909e-03	1.03930965e-01	-4.42263074e-02	3.15558501e-02	-1.51016846e-01	1.57930717e-01	1.59391001e-01	1.75894067e-01	1.98327288e-01	1.61474675e-01	1.21115506e-01	-1.43074781e-01	4.22787398e-01	-2.78694630e-01	9.17374194e-02	1.42944336e-01	-3.54635119e-01	-2.32809223e-02	6.01575002e-02	3.73131037e-01	
-1.19630648e-02	1.23436570e-01	-3.03364992e-01	1.23991951e-01	1.55676305e-01	-8.44933018e-02	-2.34324462e-03	5.58698118e-01	5.98181114e-02	2.26808086e-01	6.67542070e-02	-9.70739052e-02	-9.80209827e-01	-1.90642074e-01	-1.95017885e-02	-7.32067943e-01	-1.76301971e-01	-4.94329393e-01	5.19551933e-01	1.80932507e-01	3.63805592e-02	-1.39058679e-01	-1.00958236e-02	1.39480740e-01	8.95250440e-02	2.36335382e-01	2.87366182e-01	9.63723809e-02	-1.71466172e-01	8.53459388e-02	-9.06538684e-03	-1.02513649e-01	-7.17861593e-01	2.89779276e-01	-8.96463543e-02	-1.08831257e-01	-1.75917530e+00	7.81115741e-02	1.58782490e-02	-1.21945751e+00	
-1.38541877e-01	8.87458250e-02	-1.37155175e-01	8.32502544e-02	1.65983185e-01	-6.07821867e-02	-1.15692481e-01	1.06987275e-01	8.79756138e-02	-2.15999614e-02	-3.77361141e-02	-1.33464009e-01	1.54127705e+00	-2.70905234e-02	2.95097735e-02	-2.57177591e-01	2.62666434e-01	1.93246137e-02	3.21088403e-01	1.99987948e-01	-6.41696826e-02	-1.14178490e-02	-8.91020969e-02	5.15187010e-02	-1.32372137e-03	1.57042772e-01	8.27104449e-02	-1.52304461e-02	-1.38082713e-01	1.32676028e-02	2.14972557e-03	1.15664579e-01	-1.99969694e-01	1.08202457e-01	-1.57833040e-01	1.34523377e-01	2.89205345e-04	3.65705974e-02	1.42729074e-01	-4.80131835e-01	
-1.46519780e-01	-7.46515021e-02	-1.47775173e-01	-5.78481071e-02	-1.58054844e-01	5.24163060e-02	1.25257345e-02	1.24464646e-01	1.66203566e-02	-3.58723998e-02	1.12262428e-01	-3.17549147e-02	1.47874698e-01	7.82523453e-02	-4.13161330e-02	-7.36849084e-02	-1.29299507e-01	5.62712103e-02	-1.54931650e-01	3.24130133e-02	-1.16162457e-01	6.80255070e-02	1.11691087e-01	2.98520103e-02	-1.47363722e-01	4.19982076e-02	-1.44702375e-01	4.88353074e-02	-2.36268695e-02	-1.04010679e-01	-1.03171252e-01	8.36849585e-02	-6.33446351e-02	4.86547574e-02	-5.05299717e-02	1.04908310e-01	1.30455285e-01	-1.27060965e-01	8.53745546e-03	-1.51276261e-01	
-1.18116699e-01	-1.20536342e-01	1.03040077e-01	7.56595954e-02	-4.07156236e-02	3.43307108e-02	1.54409595e-02	1.06674276e-01	-1.13317631e-01	-1.26846865e-01	4.87427786e-03	1.17450461e-01	-1.37244603e-02	-6.32125959e-02	-1.15414739e-01	2.08259076e-02	1.00914970e-01	-1.20109558e-01	2.29796469e-02	-5.90870045e-02	-1.09097116e-01	1.00942664e-01	-9.68079343e-02	1.04554303e-01	7.56403580e-02	-1.52019754e-01	-1.21820383e-01	-9.06715989e-02	1.21846564e-01	-3.78154255e-02	-6.97020367e-02	3.01348045e-02	-1.10656053e-01	-5.99966273e-02	9.80835333e-02	-6.84500188e-02	-1.10034175e-01	1.06274121e-01	2.38468330e-02	-6.96264356e-02	
-1.33025736e-01	-1.17279463e-01	3.58376801e-02	6.93522468e-02	-4.73018214e-02	-1.03218153e-01	4.60919626e-02	3.59130744e-03	6.44345209e-02	-1.08652249e-01	1.44766634e-02	-7.78355673e-02	-4.74652760e-02	-1.22072451e-01	-9.33620036e-02	-1.58512183e-02	1.04762666e-01	7.88778067e-02	-9.75097418e-02	-2.42656674e-02	-2.39855591e-02	-1.57570526e-01	-1.39709562e-01	-1.11793250e-01	1.07430235e-01	1.30805066e-02	6.07480109e-02	2.48942897e-02	6.78474233e-02	1.30616128e-01	-7.66588300e-02	-9.59982127e-02	2.10375749e-02	-1.21799178e-01	-5.66590987e-02	1.50414497e-01	-3.04874554e-02	-9.88472253e-02	-1.74358245e-02	-2.67548952e-03	
1.01451956e-01	2.60539148e-02	1.40110523e-01	-1.33692011e-01	-1.49206743e-01	5.25786690e-02	9.53335166e-02	-7.93526545e-02	4.95065451e-02	1.27594098e-01	-8.41708630e-02	1.35963373e-02	-8.26240107e-02	-1.55818909e-01	-6.65860027e-02	-1.29544092e-02	-1.07901998e-01	9.40733552e-02	1.81186162e-02	1.45437075e-02	4.78013679e-02	-1.53657019e-01	1.23044021e-01	-8.09152648e-02	-1.15739152e-01	2.94106882e-02	-8.67964402e-02	-2.43160687e-02	8.50047246e-02	-4.91109341e-02	1.22984476e-01	-5.67863435e-02	3.65073346e-02	-2.30673477e-02	1.40472904e-01	9.82715711e-02	1.22311860e-01	-2.41556671e-02	1.93911083e-02	3.30909044e-02	
8.19662511e-02	-8.87859687e-02	9.48716328e-02	4.31609824e-02	-7.99033567e-02	-1.02995604e-01	-7.09293317e-03	8.83524865e-02	-1.48206681e-01	-1.44317955e-01	8.09445232e-02	1.19831435e-01	-5.80560267e-02	-3.61446105e-02	-5.71381534e-03	-4.57639433e-03	1.19955592e-01	7.67129064e-02	-2.81858840e-03	-6.16464876e-02	-1.50754198e-01	9.65598077e-02	-8.86895806e-02	9.93924066e-02	3.32341529e-02	-9.18286666e-02	9.90840197e-02	1.08866259e-01	9.85297747e-03	5.57091273e-02	-4.39170003e-02	-1.22289680e-01	4.11048569e-02	-3.34984884e-02	-8.12529624e-02	-3.70569993e-03	5.36439382e-02	-9.86750796e-02	-6.65605906e-03	-9.09484550e-02	
-1.57097235e-01	1.10851608e-01	-1.09269810e+00	9.23790634e-02	1.13475844e-01	1.00851879e-01	-1.15290182e-02	4.17434007e-01	-2.07850020e-02	1.23385176e-01	-5.51769175e-02	-6.23296946e-02	-2.89511561e-01	-1.10180974e-01	-1.05006404e-01	-7.51262009e-01	4.14950103e-01	1.04309201e-01	1.53551385e-01	1.68614089e-01	2.81665456e-02	-7.35138543e-03	-1.34267911e-01	-1.46423593e-01	-7.18542710e-02	3.55757385e-01	3.84221673e-01	-2.63655961e-01	-1.96359918e-01	1.08254574e-01	-3.37332673e-02	9.25887376e-02	-3.97551745e-01	-2.42222622e-02	3.74310315e-02	4.07339372e-02	-5.54562151e-01	-2.08888754e-01	-1.47204444e-01	-1.12068720e-01	
2.21872851e-02	-1.77401919e-02	6.63969666e-02	2.60460172e-02	-1.58620765e-03	5.47177270e-02	-4.09308858e-02	-9.11726952e-02	-1.11559279e-01	-1.09538719e-01	1.05236121e-01	-1.52958035e-01	1.39574811e-01	-9.60469171e-02	4.34512310e-02	1.36467159e-01	-3.44636128e-03	-9.60841477e-02	7.52953365e-02	-6.22998923e-02	9.87515524e-02	1.35103539e-01	-1.24231994e-01	-5.11900894e-02	-8.39054510e-02	3.99192199e-02	-9.12526920e-02	-9.99144912e-02	8.38769376e-02	7.16931894e-02	-1.55595228e-01	3.59192751e-02	4.61325459e-02	6.66240156e-02	-2.51647290e-02	7.08271489e-02	1.87436938e-02	-1.33572817e-01	1.56500801e-01	-1.49610057e-01	
5.56724109e-02	4.35117111e-02	7.18396455e-02	-8.82713795e-02	-1.05790626e-02	3.08358762e-02	7.66445622e-02	-3.64566296e-02	-6.25221953e-02	-1.07709905e-02	-1.41301215e-01	-6.50119707e-02	-9.98080909e-01	-8.69472977e-03	1.65937647e-01	-2.98788808e-02	3.65353078e-01	8.64096731e-02	1.03487387e-01	-1.83761030e-01	3.76937427e-02	-1.37056738e-01	1.15213655e-01	6.88335598e-02	-2.83669643e-02	2.31727213e-01	-1.95629522e-01	2.13940352e-01	-1.29174396e-01	3.69863026e-02	4.50093932e-02	1.43992007e-01	-1.42611563e-01	-1.88836884e-02	-7.68531188e-02	1.40828088e-01	2.09585056e-01	-9.12628695e-03	3.32562625e-02	-2.26096466e-01	
-7.57274404e-03	-1.32428348e-01	-1.46038145e-01	1.09426647e-01	2.10600793e-02	-1.23038784e-01	-1.26425594e-01	-2.44069397e-02	1.11586399e-01	-8.40201080e-02	-4.80828509e-02	-1.42022982e-01	1.95964258e-02	7.26995943e-03	-4.96237837e-02	3.22329700e-02	-1.26107290e-01	1.44547492e-01	4.98881377e-02	1.31632730e-01	1.49496505e-02	1.43235728e-01	-7.37935901e-02	-9.05611366e-02	-1.16363419e-02	-1.38452485e-01	-8.49577188e-02	-7.38292709e-02	1.22774825e-01	1.22333353e-03	8.83383304e-02	1.51234388e-01	-1.07553221e-01	5.47442064e-02	1.40486166e-01	-5.19170053e-02	-3.03472970e-02	9.20390040e-02	1.34530738e-01	-1.46321252e-01	
-4.18555625e-02	1.51685417e-01	5.45067191e-02	2.18253523e-01	5.48367202e-02	6.64793849e-02	1.13166839e-01	2.67079532e-01	5.46644405e-02	2.18804657e-01	-1.44442156e-01	6.44446090e-02	6.74706280e-01	5.84555008e-02	2.94670686e-02	8.28415975e-02	6.48182705e-02	4.78613973e-02	1.59989923e-01	2.15313286e-02	-2.35225423e-03	8.98552537e-02	-4.60046390e-03	5.83227575e-02	-1.05091423e-01	-1.10623337e-01	-3.49060595e-02	9.70240384e-02	-1.45278260e-01	1.02388538e-01	-1.48078334e-02	-7.17670470e-02	-1.37854785e-01	2.58615732e-01	-4.10365127e-02	-1.94159318e-02	2.14526147e-01	-5.37131093e-02	1.40293315e-01	-2.09850878e-01	
-1.37904331e-01	-1.11387074e-01	8.03730860e-02	5.42684495e-02	1.41688019e-01	3.43165584e-02	-8.69712755e-02	-1.43944472e-01	-8.65748003e-02	-5.89695275e-02	-4.21905965e-02	-1.07240297e-01	2.57400665e-02	-1.25858411e-01	5.42305447e-02	5.84170558e-02	1.19492412e-01	-3.69525962e-02	-7.82064497e-02	-1.27625242e-01	-3.52064781e-02	-4.13242355e-02	9.95555967e-02	8.51533636e-02	-1.09059721e-01	-1.57949388e-01	1.32339299e-01	4.12577018e-02	-1.33010879e-01	-1.00259215e-01	-3.77435610e-02	-1.31472260e-01	1.57631487e-01	-7.20428303e-02	-2.80615781e-02	-1.08388372e-01	-9.41520110e-02	-2.97369212e-02	-4.47220244e-02	-9.06060115e-02	
1.11354090e-01	3.33947688e-02	3.20995562e-02	1.59260363e-03	-1.40157924e-03	-8.77941325e-02	2.10546888e-02	2.13994011e-01	4.61024642e-02	2.09923878e-01	9.70064104e-02	7.95635134e-02	4.48013991e-01	-9.17991772e-02	-1.59287095e-01	-5.02376437e-01	-1.20951615e-01	-4.25633609e-01	3.67380083e-01	6.51068911e-02	3.24553102e-02	-1.42826959e-01	2.19744090e-02	-4.38968837e-03	-1.40952468e-01	3.47323790e-02	-4.19329368e-02	-3.45523775e-01	-1.10886030e-01	2.03209668e-01	-1.24101050e-01	1.75313577e-01	-5.74956059e-01	1.09538339e-01	-1.03946611e-01	-7.28618652e-02	-1.15759897e+00	-6.06221743e-02	-1.54960245e-01	-7.13985801e-01	
7.32250735e-02	-1.93069741e-01	-1.01113610e-01	-5.15930690e-02	6.21470734e-02	1.14432998e-01	-8.43004435e-02	-3.55876684e-01	8.34908243e-03	-1.38361081e-02	-8.63027349e-02	1.47543505e-01	1.95473567e-01	1.22766756e-01	1.38480917e-01	1.88390806e-01	2.75222033e-01	4.41890717e-01	-3.37556541e-01	-7.09879771e-02	1.04980161e-02	-8.01762864e-02	9.03893858e-02	2.11616784e-01	-1.98943657e-03	2.65644938e-01	-1.66717291e-01	3.21994692e-01	1.95421562e-01	9.75726470e-02	1.20203868e-01	-1.38283640e-01	1.47053719e-01	-1.02336660e-01	-1.54694393e-01	1.17008328e-01	1.21588252e-01	6.83038384e-02	-7.45797483e-03	2.52857327e-01	
1.39163166e-01	8.95143077e-02	-1.25846878e-01	-8.75875205e-02	-5.55437058e-02	-2.67769163e-03	-1.16923191e-01	-9.53150392e-02	1.13979556e-01	-7.30960295e-02	-7.69465696e-03	5.37429117e-02	3.08823697e-02	5.65815680e-02	3.68970819e-02	7.66478404e-02	1.09982148e-01	-1.52370408e-01	5.66140329e-03	-7.20092654e-02	-1.36707067e-01	-1.56865180e-01	9.86544415e-02	-3.51948701e-02	-2.65964344e-02	-1.60185829e-01	1.44162744e-01	-8.20702910e-02	6.79804981e-02	-4.01870087e-02	-2.38575768e-02	5.34970574e-02	6.53047068e-03	8.31552222e-02	-2.88243257e-02	1.15449712e-01	6.38358518e-02	1.83244273e-02	-7.49228299e-02	-4.09104228e-02	
1.26487210e-01	-8.33475124e-03	2.10781589e-01	4.11166251e-02	-6.79140240e-02	5.39973900e-02	-1.49219170e-01	-5.57065487e-01	8.19601417e-02	3.49086560e-02	6.52502179e-02	7.28139505e-02	-1.84783321e-02	1.73444092e-01	2.83679813e-01	3.80448550e-01	5.59105119e-03	2.75438249e-01	-4.39335316e-01	4.49679717e-02	-6.82736486e-02	1.27986342e-01	1.38713405e-01	7.08529204e-02	1.39927164e-01	-4.64867391e-02	-3.95713270e-01	-6.64988440e-03	3.17585826e-01	-3.42881888e-01	1.14691414e-01	8.03201050e-02	5.51532865e-01	-2.41668269e-01	1.47542670e-01	1.29185036e-01	1.27162233e-01	-2.65695453e-02	-5.62943006e-03	8.64527941e-01	
3.79460156e-02	5.58084734e-02	1.25142306e-01	-1.29187241e-01	-1.61375001e-01	-7.52770379e-02	4.11091000e-02	8.55936557e-02	-5.38766421e-02	8.24531838e-02	-1.30754381e-01	1.57909885e-01	6.66764602e-02	-5.05811162e-02	-6.91480264e-02	-1.65791102e-02	2.42669079e-02	1.08651184e-01	-1.47867218e-01	-1.07599460e-01	-2.88356170e-02	-1.77151430e-02	-9.59599316e-02	-1.74123451e-01	-1.17630653e-01	-1.27145991e-01	1.47376671e-01	-1.55770287e-01	7.87413493e-02	-5.23418566e-06	1.81387290e-02	6.57852814e-02	7.42407367e-02	-8.39827061e-02	2.29585897e-02	-3.63233909e-02	-6.69014081e-02	3.86376679e-02	5.37307337e-02	-2.29298254e-03	
3.30216922e-02	-5.65733425e-02	-1.92946866e-02	9.01220515e-02	-9.92369354e-02	-1.58775061e-01	1.24780528e-01	-9.44411680e-02	-1.59455948e-02	-1.60288140e-01	9.44923982e-02	3.05721797e-02	-1.41375378e-01	9.06621516e-02	1.52140364e-01	7.40881264e-02	-7.29960855e-03	1.49711564e-01	9.89375487e-02	5.88983484e-02	6.21600747e-02	5.28572500e-02	3.76678444e-02	8.88853520e-02	-2.02585980e-02	-1.13307752e-01	8.56974497e-02	-6.47537634e-02	-1.27969850e-02	3.40503380e-02	4.77990843e-02	8.54482278e-02	1.50222242e-01	-3.06005497e-02	-9.67917591e-02	6.16849959e-02	1.35167375e-01	-1.43003255e-01	7.20284879e-02	-1.54514581e-01	
-2.04861574e-02	-1.08187407e-01	-3.11878324e-02	-1.38104692e-01	-4.17356640e-02	-7.17128674e-03	1.25760600e-01	-1.16566002e-01	9.55234542e-02	-7.97313824e-02	4.11930680e-02	-3.90508473e-02	5.96980825e-02	5.60369231e-02	-1.37257334e-02	2.42046732e-02	-2.08372883e-02	2.00828332e-02	-4.27534729e-02	1.28821701e-01	1.49237797e-01	-1.13417864e-01	-1.53792471e-01	-1.11778490e-01	-6.98206723e-02	-9.18370187e-02	-8.12341273e-02	7.68132582e-02	-8.75767916e-02	-1.29113495e-01	3.16726565e-02	-3.90226468e-02	-9.77417175e-03	-1.38770059e-01	-3.00448705e-02	6.13215342e-02	-1.49649873e-01	5.35117127e-02	7.22864317e-03	5.79631608e-03	
-1.26708612e-01	1.20782226e-01	-4.98278052e-01	-2.81100385e-02	-7.88951069e-02	-5.23740165e-02	-4.54086624e-02	3.86504620e-01	1.42260324e-02	1.89675838e-01	-1.20430766e-02	-9.34946239e-02	-3.65155889e-03	2.87510008e-02	-3.75356406e-01	-5.69023550e-01	1.13923557e-01	-1.20928019e-01	4.29649919e-01	1.02807581e-01	4.70134541e-02	-1.04007095e-01	1.10971406e-01	1.12736240e-01	4.48173061e-02	2.91128397e-01	1.54083386e-01	-9.36014175e-01	-2.41122514e-01	7.20769260e-03	-1.03360891e-01	-1.49249494e-01	-5.33763289e-01	1.29453942e-01	1.25017270e-01	-1.52819976e-01	8.04385185e-01	-3.98949049e-02	1.16185717e-01	-3.75899076e-01	
-1.39129562e-02	-2.90915626e-03	1.70046613e-02	7.96567649e-02	3.24899331e-02	9.89882722e-02	-1.46325111e-01	-2.93527860e-02	-1.24911845e-01	-1.10499628e-01	-3.06133628e-02	-6.91325665e-02	-4.10350040e-03	-9.20954347e-02	9.44905505e-02	1.02915689e-01	-1.39875710e-01	-1.26234740e-01	1.10670075e-01	-1.05852738e-01	-1.21074617e-01	9.40021407e-03	1.14826843e-01	-4.25860211e-02	1.35999337e-01	9.93010588e-03	1.62418764e-02	-9.10544395e-02	-6.83231652e-02	-4.84484397e-02	5.13390116e-02	1.31297991e-01	-7.32683688e-02	-1.23812161e-01	8.95841345e-02	2.93655451e-02	-8.14431012e-02	8.03880170e-02	-1.35441078e-02	-1.55824468e-01	
-8.15730467e-02	1.15007265e-02	-1.04730584e-01	-1.52977690e-01	-7.00896233e-02	-1.43147528e-01	-6.42519742e-02	8.49905908e-02	1.48280352e-01	-1.44576088e-01	-1.69115495e-02	-9.55172330e-02	-1.13109544e-01	-3.35675292e-02	4.93728332e-02	-1.48682773e-01	-1.06370926e-01	-2.79549137e-02	9.94637609e-02	8.38580504e-02	7.95907155e-02	-6.12075767e-03	2.05134880e-02	6.56895190e-02	5.04414588e-02	3.47467773e-02	1.35881007e-02	-3.44390534e-02	-1.52494699e-01	6.31799176e-02	-1.09286315e-03	1.49976209e-01	-1.15901627e-01	-1.55496389e-01	1.50502816e-01	-1.40313104e-01	-1.69121530e-02	1.34656101e-01	1.52134106e-01	1.15475707e-01	
2.87810108e-03	-1.74969003e-01	4.90711257e-02	-2.14439541e-01	-1.23293720e-01	-7.89835602e-02	-1.23986192e-02	8.56439322e-02	-1.24422759e-01	6.14848137e-01	1.46086872e-01	-1.08915083e-01	-3.22629772e-02	4.07919846e-03	1.79347962e-01	1.16179548e-01	-4.30274196e-02	3.19704980e-01	-3.00579548e-01	2.65713274e-01	6.82904804e-03	-9.63346660e-03	-8.54811594e-02	1.35038257e-01	-1.52603462e-01	-1.20642476e-01	-1.40644476e-01	5.84421791e-02	1.66441515e-01	1.06742397e-01	6.23652861e-02	1.33975029e-01	2.87648290e-03	-6.00944571e-02	-4.07741517e-02	4.00926657e-02	3.75106409e-02	7.54218176e-02	-8.49144626e-03	-1.06080072e-02	
7.11794198e-02	-2.08275318e-01	-9.50179920e-02	3.91634516e-02	-4.75225523e-02	9.29173306e-02	-5.11395745e-03	2.70733505e-01	-6.11854121e-02	7.19007015e-01	-6.61592782e-02	1.08991675e-01	1.25691652e-01	-2.44555950e-01	2.66285002e-01	-7.34962299e-02	-5.23838662e-02	3.82634729e-01	-1.08414665e-01	3.26365709e-01	4.20629904e-02	-1.52740544e-02	-2.37898380e-02	7.32417181e-02	-7.53118470e-02	1.42792135e-01	-6.93557858e-02	6.69235587e-02	6.98051974e-02	-6.00916818e-02	8.49199444e-02	4.40798141e-03	-1.41756192e-01	-2.34134927e-01	-8.65707770e-02	1.91264644e-01	-2.10807696e-02	-1.56322587e-02	1.32687345e-01	-1.35680586e-01	
-6.69637844e-02	-1.48027867e-01	-1.45352140e-01	1.06348529e-01	1.40127599e-01	2.68887766e-02	-7.52586732e-03	-7.40086511e-02	-4.95128594e-02	-3.96743231e-03	-9.91278589e-02	7.65777379e-02	-7.12963119e-02	-6.61706105e-02	-1.00771599e-01	4.75044809e-02	1.06865346e-01	2.30098013e-02	-1.38732404e-01	-4.84809726e-02	-7.66563043e-03	4.33969265e-03	-1.14996890e-02	2.87078042e-03	-4.54645678e-02	-1.68840308e-02	6.86292872e-02	-6.70222715e-02	7.77326524e-02	-5.14534041e-02	-4.42480184e-02	-1.53191432e-01	-1.38493881e-01	5.24308952e-03	1.57836959e-01	6.35296926e-02	3.41243930e-02	7.86659420e-02	-1.26734540e-01	-9.71425176e-02	
6.32188171e-02	-1.18460478e-02	8.58174562e-02	3.67154963e-02	-1.79718092e-01	-1.10401958e-02	7.24594072e-02	1.09328143e-01	-1.42114814e-02	5.47376871e-02	8.19758698e-02	5.27810752e-02	1.53916568e-01	8.81641731e-02	-3.10381558e-02	1.98905580e-02	-4.89755627e-03	-2.71068811e-02	4.28240038e-02	-1.66038364e-01	5.76711930e-02	1.44186229e-01	-6.09233007e-02	6.82042092e-02	8.46129730e-02	3.12861837e-02	-1.58550248e-01	-7.05645680e-02	-1.53121099e-01	7.75363073e-02	-2.93766838e-02	6.40437678e-02	-1.32445678e-01	-1.50829494e-01	1.25290722e-01	-1.82372540e-01	8.74956697e-02	5.43072596e-02	8.02995544e-03	4.21310589e-03	
-1.00722581e-01	1.89011991e-01	-7.57352412e-02	-3.11681479e-01	-1.89041905e-02	1.08706519e-01	-1.68210566e-02	3.89388129e-02	-3.62982079e-02	-2.92950392e-01	2.44445056e-01	8.65541324e-02	-1.30059794e-01	-2.24810854e-01	5.24142534e-02	2.15009116e-02	-2.72175353e-02	-4.33036238e-02	-2.52559215e-01	4.75814193e-02	5.92922792e-02	-1.49976268e-01	-1.06294602e-02	5.35104685e-02	1.48148090e-01	-1.12237588e-01	1.36882335e-01	1.26550719e-01	-1.47065632e-02	-1.56856142e-02	2.46486932e-01	9.14415717e-02	-1.03921577e-01	-1.85412079e-01	-8.33026022e-02	-9.24743950e-01	1.49205960e-02	6.45760372e-02	-8.62380117e-03	2.09313203e-02	
-3.19809049e-01	1.46760032e-01	5.01615927e-02	-2.23372027e-01	1.56487316e-01	9.63484719e-02	-1.15605004e-01	-2.01144099e-01	4.06199582e-02	-3.50320041e-01	9.27188993e-02	1.91810593e-01	-1.16331488e-01	-7.16906413e-02	9.24341753e-02	-5.88889122e-02	1.44561008e-01	1.20933838e-01	-2.94214875e-01	-1.17086843e-02	3.98522168e-02	4.78042141e-02	5.05015850e-02	-1.54219300e-01	7.92292207e-02	7.45060146e-02	6.78780526e-02	-9.52332020e-02	-6.63669035e-02	7.55281374e-02	2.46984676e-01	-3.46802585e-02	-8.18340108e-02	-5.07635772e-02	-3.41596268e-02	-7.06465900e-01	3.06295347e-03	-2.24525202e-02	1.46912515e-01	1.44503355e-01	
-8.17522109e-02	7.88644515e-03	-5.11806458e-02	-4.74282578e-02	-4.56344970e-02	1.23260744e-01	-1.49714772e-03	3.95437688e-01	3.62012684e-02	7.10837305e-01	-8.62691086e-03	-2.04582568e-02	7.63285235e-02	1.97967682e-02	1.48127213e-01	5.39822690e-02	8.28180015e-02	4.05180246e-01	-1.54554814e-01	1.25991672e-01	1.19655885e-01	1.41033471e-01	-1.62126407e-01	-4.80252318e-02	-4.95825447e-02	3.80044840e-02	8.61691236e-02	-4.30172794e-02	-1.02392947e-02	4.35851514e-02	1.22518063e-01	-5.25837392e-02	7.65114874e-02	-8.48075300e-02	-7.65272677e-02	1.53735382e-02	-4.87603433e-02	-9.63251293e-02	-1.38497368e-01	-5.51184788e-02	
-2.00302035e-01	2.90244281e-01	-7.79632665e-03	-2.86477298e-01	2.53194839e-01	2.41761312e-01	-1.19010374e-01	6.07005805e-02	7.20611513e-02	-2.08396450e-01	4.59279492e-02	9.17344242e-02	-7.68948346e-02	-2.74991035e-01	1.88640490e-01	1.44109413e-01	6.02414906e-02	2.03279201e-02	-1.76176548e-01	-4.05083485e-02	1.52358159e-01	-1.08805850e-01	1.39981493e-01	6.47712722e-02	-4.65748087e-03	3.18530947e-02	-2.57449653e-02	-4.85682413e-02	1.42923295e-01	-8.45772587e-03	2.26811692e-01	1.42701954e-01	4.64455076e-02	-5.14001250e-02	-8.49967152e-02	-7.21151710e-01	9.64824930e-02	-1.11412637e-01	1.19677939e-01	5.60740978e-02	
-2.63066776e-03	2.19713792e-01	1.48788929e-01	2.47486249e-01	3.93400192e-01	5.25859930e-02	1.50653627e-02	-1.07320920e-01	-7.94230029e-02	-2.49665990e-01	1.47473261e-01	9.45045352e-02	1.38972864e-01	1.01367995e-01	9.03041288e-02	4.99740690e-02	5.23652062e-02	8.79203007e-02	-5.65710776e-02	2.00050235e-01	1.33761540e-01	-1.96853168e-02	-3.81829939e-03	-8.48273560e-02	9.70587730e-02	-1.39794946e-01	2.21377298e-01	-9.21507925e-02	6.10803217e-02	-4.78710327e-03	-4.89870645e-02	4.93506677e-02	1.50544420e-01	7.33063817e-02	-3.81169580e-02	-1.16011178e+00	-1.03970721e-01	1.05385669e-01	1.49024352e-02	1.69559211e-01	
2.96658166e-02	-7.27735683e-02	1.55860186e-01	-4.54574969e-04	-4.37213890e-02	-1.06753364e-01	1.56883135e-01	2.69225836e-02	1.04131684e-01	9.46717858e-02	-1.54729575e-01	1.49024621e-01	-1.23567937e-03	-1.20456830e-01	-6.67429576e-03	8.35581496e-02	1.43821880e-01	1.35799900e-01	7.63483495e-02	-1.50282785e-01	-5.03609106e-02	3.97384074e-03	-8.56896266e-02	-7.35065788e-02	8.05289075e-02	1.58475805e-02	4.46448214e-02	1.04577668e-01	2.81784981e-02	5.30077182e-02	-8.27817619e-02	1.35829955e-01	-1.44389927e-01	-8.92367363e-02	6.44792840e-02	8.54843017e-03	1.25265792e-01	8.23302492e-02	-3.91357206e-02	-1.52060296e-02	
1.59932241e-01	6.02601394e-02	-5.70274740e-02	-2.87750900e-01	-2.28742766e+00	-5.83770752e-01	-9.69640017e-02	3.09967518e-01	-3.39442566e-02	6.09901547e-01	-8.53028968e-02	6.93719089e-03	-5.83300106e-02	1.12869404e-01	3.31520081e-01	1.71955414e-02	-1.44700846e-02	2.57624686e-01	3.13308537e-02	-2.43444830e-01	1.97040960e-01	-6.01444393e-02	1.12450972e-01	-1.23495653e-01	-1.26082197e-01	4.73319776e-02	-2.14450359e+00	7.00667575e-02	-1.69154536e-02	-9.09367502e-02	2.13736743e-02	9.73415598e-02	-2.73166990e+00	1.07769959e-01	2.48589739e-02	2.10545212e-02	-7.75670633e-02	-7.10116327e-02	-1.40747309e-01	-2.00948286e+00	
-2.00381875e-02	-5.28261326e-02	-1.32559478e-01	3.50387879e-02	7.92885274e-02	6.18692450e-02	1.25404477e-01	-9.00784731e-02	-3.08565106e-02	-1.02539994e-01	6.68956339e-02	-6.04334697e-02	2.55539734e-02	-1.48374155e-01	5.38558625e-02	-7.96867460e-02	6.97226375e-02	-4.97281812e-02	-5.31610586e-02	-8.28560665e-02	-7.18204156e-02	-5.21328412e-02	7.01692030e-02	-1.20341107e-01	2.35367157e-02	1.07903413e-01	1.61262918e-02	-9.26013291e-02	4.24594171e-02	-3.52743678e-02	4.40958142e-02	3.00386120e-02	-2.58244872e-02	1.62162304e-01	-2.31377594e-02	-9.79212448e-02	-8.18856955e-02	-9.56916586e-02	-1.52902871e-01	-3.89452316e-02	
-1.71591058e-01	8.76547303e-03	-1.08592503e-01	-1.89494371e-01	-2.69475937e-01	1.58577576e-01	-1.27998918e-01	3.40922534e-01	3.30527537e-02	5.07265508e-01	3.11584882e-02	1.45712629e-01	1.89873129e-02	-3.74559350e-02	3.14696759e-01	2.15480700e-02	4.67932262e-02	3.41428131e-01	-2.26979494e-01	2.16602519e-01	2.26107314e-01	1.53179988e-01	9.41289514e-02	-8.34567621e-02	9.55178738e-02	8.39101300e-02	2.13507339e-02	-2.86501274e-02	1.01828098e-01	-9.93116572e-02	-2.14277152e-02	-1.42643034e-01	6.97950050e-02	-8.47572908e-02	4.74612527e-02	9.51829478e-02	-3.05165034e-02	-9.64209437e-02	-5.86360171e-02	-9.79839172e-03	
-3.27037275e-01	6.51947483e-02	5.41192256e-02	-3.68879259e-01	2.15200946e-01	2.67879754e-01	1.20154262e-01	-3.76492441e-02	-3.43274139e-02	-4.10226613e-01	1.85183793e-01	1.11005217e-01	1.55970395e-01	-2.84827054e-01	1.66577041e-01	7.43406489e-02	1.22179829e-01	-1.08559411e-02	-1.80675521e-01	6.10366948e-02	1.60893753e-01	7.85797089e-02	1.40158609e-01	-1.07088268e-01	-7.28769600e-02	1.55525580e-01	1.24709271e-01	-1.12522572e-01	1.06320761e-01	-1.48003206e-01	1.93145573e-01	-3.10980566e-02	1.57024115e-01	-1.51282310e-01	-9.44924820e-03	-6.54545724e-01	-1.45627424e-01	-7.12720156e-02	-6.97235810e-03	8.73875320e-02	
6.96125627e-02	2.90668607e-02	7.01395348e-02	1.38303727e-01	1.31574959e-01	4.79073189e-02	-8.48173127e-02	1.67055130e-01	1.28034502e-02	-1.59454003e-01	1.06147684e-01	5.71504012e-02	-1.10209771e-01	-4.80302572e-02	1.63677707e-01	-5.41245006e-02	1.54869035e-01	3.26028392e-02	1.50013551e-01	1.47745207e-01	5.43949613e-03	1.00086354e-01	8.79554152e-02	-1.24643460e-01	2.55126953e-02	1.01437032e-01	6.25280663e-02	9.82103273e-02	-3.11706245e-01	-6.17288351e-02	1.97148234e-01	-8.10248330e-02	6.69621080e-02	2.29337782e-01	-1.16088614e-01	-1.94610107e+00	-6.34200424e-02	-6.36162311e-02	-4.33923118e-02	9.18002427e-02	
-1.21433428e-02	9.32074115e-02	1.24431185e-01	-1.08593330e-01	2.02608854e-02	8.31648409e-02	5.13231046e-02	9.94771719e-02	-2.60000080e-02	6.97345883e-02	4.77121808e-02	-5.11716157e-02	-1.97357368e-02	7.40187103e-03	6.95942319e-04	-4.77750152e-02	3.37237678e-02	-4.94199246e-02	9.72916558e-02	-9.51832384e-02	-1.81531847e-01	5.46033904e-02	4.43477854e-02	-2.35171691e-02	-1.21405281e-01	-3.05611528e-02	-1.25864059e-01	-1.43447012e-01	5.15600927e-02	-3.68213169e-02	2.03216001e-02	-5.55913784e-02	-2.71352241e-03	-8.39159545e-03	8.37315917e-02	-8.75553042e-02	-1.26454651e-01	3.65596786e-02	-3.52116972e-02	-2.52514761e-02	
-1.19649358e-01	-1.53243169e-01	-7.72479028e-02	1.16680227e-01	6.27538413e-02	1.45951703e-01	2.74867695e-02	2.10246071e-02	6.55587688e-02	-6.92129135e-02	5.31509891e-02	-1.38892263e-01	2.04791259e-02	9.98475403e-02	-1.30332112e-01	2.24548224e-02	-5.20601403e-03	-5.69932461e-02	5.58956526e-04	-6.58123791e-02	7.56148025e-02	1.03556521e-01	-1.46087244e-01	-9.44637656e-02	9.36573818e-02	1.58050984e-01	1.35680035e-01	-8.52876604e-02	2.73369420e-02	-1.36042371e-01	-1.08313918e-01	-1.18528567e-01	6.16837703e-02	-4.14300337e-02	1.71226356e-02	-1.18248627e-01	4.24147621e-02	-1.49169505e-01	-1.08903579e-01	1.57702461e-01	
-9.44682658e-02	5.82948439e-02	1.32805839e-01	1.19773196e-02	2.63270557e-01	-9.19014681e-03	1.76170357e-02	3.72336805e-02	7.88014680e-02	-2.57017374e-01	3.15411359e-01	1.47139713e-01	1.04754560e-01	5.84039874e-02	2.14052841e-01	6.26208708e-02	4.31085080e-02	1.41070783e-01	-6.12530746e-02	2.63834774e-01	1.84067771e-01	-1.19765937e-01	-1.11404806e-01	-3.17904800e-02	6.76220506e-02	1.10408418e-01	1.41754389e-01	1.35158002e-01	-2.21970111e-01	1.45470619e-01	1.05781898e-01	-5.64623550e-02	2.72032499e-01	2.98714731e-02	-2.95606460e-02	-1.68750668e+00	1.15428656e-01	-7.92588145e-02	-1.36262581e-01	3.45522970e-01	
1.11484095e-01	-2.11265087e-02	-4.98818234e-02	-1.40644357e-01	-1.21196397e-01	1.62197769e-01	6.03033528e-02	3.17266762e-01	4.81505580e-02	6.80711269e-01	3.97288576e-02	-5.88745065e-02	1.34406075e-01	-6.85082525e-02	1.74415275e-01	-1.16687790e-01	-3.20698917e-02	1.74747005e-01	-8.11466426e-02	3.03748727e-01	2.54598916e-01	5.23826815e-02	-1.02509804e-01	1.31770134e-01	-8.20308626e-02	-6.89803213e-02	-4.24819328e-02	-3.36430557e-02	2.47164979e-03	8.39330081e-04	8.98032263e-02	3.11639328e-02	1.01223812e-01	-1.39731169e-01	1.26739427e-01	3.51783410e-02	8.30145776e-02	-1.46640196e-01	8.89318958e-02	-1.63241923e-01	
-2.87976503e-01	2.60780662e-01	-1.47559851e-01	-4.65751469e-01	2.02446088e-01	-2.80600078e-02	1.56555459e-01	-8.60018060e-02	-1.55779660e-01	-3.41048688e-01	1.70876011e-01	1.86111227e-01	-1.13380812e-02	-1.48437858e-01	1.53909907e-01	3.57956104e-02	-1.24776624e-01	-9.02664438e-02	-2.66588062e-01	5.83704375e-02	8.15946143e-03	1.39263183e-01	-8.90690312e-02	-1.12047687e-01	7.61308009e-03	6.47756830e-02	1.04532391e-01	-4.49676029e-02	-5.31847626e-02	-1.16481677e-01	2.11437300e-01	4.60941670e-03	1.56890109e-01	-1.04226552e-01	-5.59094362e-02	-8.91195416e-01	9.20448601e-02	-7.54453093e-02	8.05006712e-04	2.02437326e-01	
-7.75042102e-02	5.98665886e-02	-1.26233190e-01	-6.04117871e-04	8.06109756e-02	8.23224336e-02	-1.27627164e-01	-2.04627663e-02	7.13819265e-02	9.16656852e-02	-3.48665230e-02	1.43603291e-02	1.55084088e-01	-6.72069490e-02	-6.32397458e-02	4.62930230e-03	-1.16036437e-01	2.93535572e-02	-1.35949671e-01	-1.14530995e-01	-1.14264339e-01	6.63990006e-02	-9.55379903e-02	8.33688304e-02	-5.73270358e-02	-2.71965377e-02	5.51903173e-02	-8.50608721e-02	2.25109532e-02	7.87944198e-02	-3.59718055e-02	9.29849744e-02	-1.26583343e-02	1.36912569e-01	-8.60858988e-03	1.29228964e-01	-1.10327199e-01	-1.50080591e-01	5.02424166e-02	-5.88043369e-02	
1.65340111e-01	6.92137107e-02	-4.25734706e-02	7.96456337e-02	4.59635675e-01	-1.40231311e-01	-2.09122505e-02	2.26875916e-01	1.29544422e-01	-6.88539669e-02	1.95315585e-01	-8.95756483e-02	-8.12146366e-02	1.12193152e-01	2.88888872e-01	7.99566656e-02	-1.05274163e-01	1.65389866e-01	6.58664554e-02	-2.08861586e-02	9.54821780e-02	5.38178906e-02	-1.29400596e-01	5.59384376e-02	-2.40380522e-02	4.84669693e-02	2.50862986e-01	-1.33784283e-02	3.97045583e-01	-6.58782721e-02	-6.21707030e-02	1.37886912e-01	2.59321094e-01	2.21448272e-01	7.09557384e-02	-2.14924026e+00	-1.50719970e-01	1.16792642e-01	-4.15088609e-02	4.40878212e-01	
-2.21714139e-01	2.03778505e-01	1.50564099e-02	-2.95110613e-01	5.04337102e-02	2.57269323e-01	1.31717324e-01	-2.48477757e-01	2.03746483e-02	-2.56034851e-01	1.01496443e-01	2.24580392e-01	1.02717942e-02	-3.24385077e-01	1.90454766e-01	-3.74972448e-02	-3.43626775e-02	3.10799927e-02	-2.05919385e-01	6.81392699e-02	1.49257243e-01	-1.57927528e-01	-8.75647590e-02	-9.94058028e-02	-1.17760105e-02	-2.88747456e-02	1.09141916e-01	8.63569416e-03	8.24782103e-02	-6.46082684e-02	9.21996310e-02	-1.15872696e-01	6.28570244e-02	-7.78007880e-02	-1.89977828e-02	-6.84312344e-01	-1.50401980e-01	-4.88712192e-02	1.30604506e-01	4.46926802e-02	
-1.64575562e-01	8.41989890e-02	-6.25668317e-02	-1.19596161e-01	-6.60487190e-02	-8.71610269e-02	4.47258130e-02	-7.24930689e-02	-1.08214639e-01	1.21829227e-01	-7.40316138e-02	-1.11558035e-01	-6.74275756e-02	-1.08675212e-01	-8.04895535e-02	-1.47614911e-01	2.15108637e-02	1.15473218e-01	7.28769973e-02	-1.40637815e-01	-7.20720217e-02	-5.04663587e-02	5.42075299e-02	4.38733473e-02	4.29529287e-02	2.15713307e-02	3.68394665e-02	-8.19619298e-02	-7.04880357e-02	1.37924120e-01	-1.40497863e-01	-6.17927909e-02	6.64719641e-02	3.33176032e-02	-8.32645819e-02	7.01884478e-02	-2.27060374e-02	-1.93855651e-02	1.85711347e-02	-1.38221413e-01	
2.20109150e-01	9.68331620e-02	-5.48047312e-02	2.78564185e-01	9.23116282e-02	-1.84867769e-01	-6.42267317e-02	1.66320968e-02	-1.84771372e-03	-1.26101449e-01	6.73368350e-02	7.51581863e-02	-1.04576871e-01	1.71663672e-01	3.10503840e-02	-9.91087109e-02	-2.10963823e-02	2.52911776e-01	6.36246279e-02	8.06917325e-02	1.83327213e-01	1.16201058e-01	-5.29047847e-02	-1.16510719e-01	-1.51496232e-01	8.67190287e-02	2.15315878e-01	-3.20873857e-02	-1.86841965e-01	4.70934883e-02	1.35111392e-01	5.10124788e-02	7.85133708e-03	8.42699409e-02	1.16706163e-01	-1.88605022e+00	-7.31222183e-02	-1.00124650e-01	1.40221447e-01	-5.68214096e-02	
-8.87697563e-03	-1.37511730e-01	8.21474418e-02	-7.74368048e-02	-7.36305304e-03	-1.07616574e-01	-4.62219454e-02	-1.42068163e-01	-6.95588663e-02	2.23294981e-02	-1.05494931e-01	-3.03075444e-02	-4.62068282e-02	-4.69338559e-02	-4.86295931e-02	3.25339474e-02	-5.17973341e-02	-4.60468009e-02	-7.91960061e-02	5.44160157e-02	1.29625157e-01	9.22394022e-02	2.78349221e-03	5.34234457e-02	-5.91317751e-03	-1.48518622e-01	1.23715149e-02	-5.75000467e-03	-1.48870260e-01	8.90231580e-02	-1.08194098e-01	-8.27294514e-02	-1.12454154e-01	-1.03207707e-01	-2.27528382e-02	-5.54611534e-02	5.94148450e-02	8.78862143e-02	-9.97676775e-02	1.23421632e-01	
-1.96464673e-01	1.54174075e-01	-3.90096232e-02	-6.14017546e-01	-9.58995335e-03	-6.75797090e-02	-1.20983616e-01	-3.75308394e-01	9.00008380e-02	-7.78189182e-01	2.73909539e-01	1.64715976e-01	-1.34574577e-01	-1.54126599e-01	-1.72345310e-01	-8.46975110e-03	1.15057774e-01	1.31357297e-01	-2.27030382e-01	2.93019302e-02	1.30335569e-01	-6.93671554e-02	-1.32730111e-01	7.34032132e-03	1.26943141e-01	4.99555953e-02	-3.80629867e-01	6.62748441e-02	-2.79345989e-01	-1.43732071e-01	1.94312036e-01	1.28333196e-01	4.90977049e-01	-2.21507754e-02	1.35135101e-02	-7.22803235e-01	-4.05025436e-03	1.44702837e-01	-1.06514305e-01	3.70719224e-01	
1.27203941e-01	6.00468786e-03	-7.57084042e-03	-5.70170321e-02	1.48607120e-01	1.19748823e-02	-7.26544559e-02	-1.48436083e-02	-1.49743751e-01	-5.32906763e-02	-1.05965152e-01	-1.31236389e-01	1.51736617e-01	9.33876783e-02	-1.48025423e-01	1.17950439e-01	-5.57851791e-02	-8.95335078e-02	7.86183923e-02	-5.99156544e-02	-1.01020925e-01	1.17743194e-01	1.48480818e-01	-7.50654563e-02	-5.37058748e-02	1.12112373e-01	-8.43423083e-02	5.12295775e-02	-1.30266383e-01	-1.46377921e-01	-1.47847623e-01	4.17781882e-02	-1.11621834e-01	5.17429179e-03	9.30291787e-02	-1.02106422e-01	1.10144481e-01	2.87775807e-02	-1.42009482e-01	2.38774624e-02	
5.64803556e-02	2.39747204e-03	1.35997936e-01	4.10851054e-02	8.38281736e-02	-6.46696985e-02	3.14214430e-03	-5.67526631e-02	-1.11624777e-01	1.53904006e-01	-1.25190347e-01	1.22160412e-01	1.04597136e-01	-1.29647404e-01	-1.14717744e-01	-1.18018333e-02	5.62457852e-02	4.68445346e-02	-7.01125413e-02	9.49733779e-02	-1.19307183e-01	1.01933390e-01	-5.06995544e-02	-1.15986332e-01	-1.43118083e-01	1.03088826e-01	7.66583756e-02	1.23066187e-01	-1.34274840e-01	-6.37919158e-02	-1.19766429e-01	7.06022903e-02	1.18846804e-01	-1.30947649e-01	-5.40201366e-02	1.26996487e-01	-6.81497231e-02	1.16478264e-01	6.64600357e-02	1.14030808e-01	
1.16182417e-01	2.00162269e-02	-1.21477358e-01	-8.66661668e-02	4.01335537e-01	-6.23840876e-02	1.28953144e-01	-1.79244101e-01	1.15131944e-01	-1.73132062e-01	2.72338122e-01	1.26290768e-01	-1.15906790e-01	-1.03079677e-01	1.29690483e-01	1.36008235e-02	-1.54586211e-01	1.70357093e-01	7.49011189e-02	1.21745631e-01	1.05178192e-01	1.98290925e-02	-1.13042042e-01	1.08089056e-02	6.28362149e-02	1.32555798e-01	1.40583113e-01	-5.27588613e-02	1.94261894e-02	3.97901461e-02	6.11815304e-02	1.45736471e-01	1.93420827e-01	6.37834445e-02	1.35530218e-01	-1.50916398e+00	-1.27204195e-01	3.41149792e-02	-9.48345587e-02	1.15503736e-01	
-5.85167445e-02	-6.87861294e-02	1.12337954e-01	1.48265557e-02	-1.54367790e-01	3.21048737e-01	-1.35695152e-02	2.83591092e-01	9.78400856e-02	5.75107992e-01	1.18197531e-01	4.00874503e-02	-1.57350674e-01	-1.88156292e-01	1.70285240e-01	-3.93560044e-02	1.12924904e-01	3.83154243e-01	-2.51353860e-01	6.25405461e-02	2.31701687e-01	-1.03905033e-02	-1.94088165e-02	1.57099113e-01	6.80625662e-02	8.78855735e-02	-1.41163886e-01	-9.73804593e-02	1.52528256e-01	-1.08269662e-01	1.78298891e-01	9.19305831e-02	-1.61878243e-01	-1.79875225e-01	1.16025396e-01	4.68973145e-02	-7.63739198e-02	7.62827322e-02	-1.21541331e-02	1.13903165e-01	
-2.05849782e-01	2.10505530e-01	-4.43260521e-02	-4.32305843e-01	-1.97422132e-01	1.30041555e-01	9.35443118e-03	-2.24793553e-01	-8.22295994e-02	-4.29015428e-01	1.66861042e-01	2.97952503e-01	-2.32777912e-02	-7.71706402e-02	-5.00556678e-02	-1.19850762e-01	-1.11190900e-01	-3.31332348e-02	-7.50887692e-02	-4.56007943e-02	2.48847604e-01	1.10531654e-02	1.71380993e-02	1.22765549e-01	1.57629356e-01	7.13045895e-02	-9.38796252e-02	1.63267888e-02	1.93027612e-02	5.31780533e-03	2.01753408e-01	-8.48846957e-02	2.51204401e-01	-1.47649691e-01	5.35448864e-02	-9.17803645e-01	1.07156791e-01	1.10627569e-01	4.41613160e-02	1.11792840e-01	
2.68236548e-02	7.19111562e-02	-1.03763215e-01	-5.68672232e-02	8.93156528e-02	-1.54956833e-01	4.12317850e-02	5.48173208e-03	5.67272343e-02	-7.89831653e-02	-9.87348333e-02	1.70792639e-02	-5.16443402e-02	-5.09596244e-02	-1.19182952e-01	1.56109795e-01	-1.40294254e-01	-7.03693777e-02	-6.75986037e-02	-3.48942503e-02	-1.47688733e-02	8.99497420e-02	1.34024650e-01	1.31462157e-01	2.40342831e-03	1.57204404e-01	-5.44928610e-02	-6.04542531e-02	-3.77758853e-02	5.07722534e-02	-8.15218315e-02	-1.38243318e-01	1.39102295e-01	5.10246716e-02	-2.00681705e-02	-1.35076106e-01	1.26061693e-01	-1.22541308e-01	1.27446711e-01	-1.28987223e-01	
-2.72131979e-01	8.15440044e-02	4.28408198e-02	-2.35601515e-01	2.08518982e-01	9.67386737e-03	-5.76491244e-02	-2.47177422e-01	-6.50687963e-02	-1.99344084e-01	1.73351407e-01	2.49908701e-01	-2.18120264e-03	-2.08485365e-01	1.93441793e-01	1.48480192e-01	-8.76911059e-02	-3.45514417e-02	-3.41614991e-01	-5.98412566e-03	2.40154222e-01	-3.59955952e-02	1.27628103e-01	1.03559628e-01	4.93464656e-02	-4.78629842e-02	-7.57259056e-02	-1.56296566e-01	6.47242665e-02	1.00265130e-01	1.23573691e-01	-7.19344914e-02	-4.62876186e-02	-6.11186475e-02	1.60203338e-01	-8.64665270e-01	-3.07229464e-03	-3.57482955e-02	1.42423496e-01	1.45712838e-01	
5.76697469e-01	1.38412356e-01	-3.56267244e-02	-7.00307429e-01	3.20002139e-01	4.48785007e-01	9.11542624e-02	-1.42536533e+00	1.32877126e-01	-6.05776966e-01	3.69148143e-02	1.89289495e-01	-5.83182871e-02	-1.41788363e-01	1.05432726e-01	8.89789388e-02	2.23878343e-02	2.07685977e-01	7.99293518e-02	-2.76485145e-01	2.05565900e-01	4.07423787e-02	9.98013839e-02	1.36511803e-01	-1.23148195e-01	1.23210810e-01	-2.02585983e+00	4.57594544e-02	-2.18748659e-01	1.22525834e-01	6.84258118e-02	-9.17043071e-03	-1.02651572e+00	-1.30088305e+00	7.76912831e-03	-1.94812074e-01	-9.24060047e-02	-1.47045925e-01	-1.29284218e-01	-3.75992084e+00	
-1.21715046e-01	8.00748393e-02	-1.24321900e-01	-9.45951417e-02	-2.42026985e-01	3.13705921e-01	1.55525640e-01	1.57799438e-01	-1.48797899e-01	6.80176377e-01	1.29483432e-01	4.24347855e-02	-2.36751214e-02	-2.51876414e-02	2.55482465e-01	-3.99698131e-02	-1.22291528e-01	1.91596240e-01	-4.87389788e-02	1.83538750e-01	1.24337874e-01	-1.29068881e-01	-1.10560790e-01	1.42980799e-01	7.07485713e-03	-2.98169889e-02	-3.28661576e-02	-7.74154142e-02	-7.71370456e-02	4.67327610e-02	1.92202017e-01	1.51811779e-01	-7.51431957e-02	-3.04589659e-01	-1.50443479e-01	7.70579800e-02	-1.25653908e-01	-3.07767838e-02	-1.43938288e-01	-2.33440753e-02	
5.18270805e-02	9.41138044e-02	-7.11864606e-02	-1.09604053e-01	1.19206980e-01	-1.11874506e-01	1.37386620e-01	-3.96294631e-02	-1.50977224e-01	7.60773644e-02	-6.09143935e-02	8.98619667e-02	9.61158127e-02	-3.01258825e-02	-1.57570019e-01	1.95365250e-02	1.93930864e-02	1.73021120e-03	8.28129053e-02	-1.10675298e-01	-1.12761050e-01	1.18305735e-01	-9.77409407e-02	3.01380754e-02	-1.18744493e-01	-3.71239297e-02	6.91135451e-02	1.43367559e-01	-1.67543441e-01	1.87130459e-02	-8.31148922e-02	1.67754816e-03	-5.05440496e-02	-7.23776072e-02	-1.40914425e-01	4.58034389e-02	6.03862666e-02	1.27008393e-01	1.46042153e-01	-2.02694163e-02	
7.82930851e-02	-1.83737382e-01	1.34677380e-01	-8.16175267e-02	-1.60895362e-01	1.27143255e-02	3.19276601e-02	2.38046035e-01	-3.31596285e-02	7.38972604e-01	7.41764382e-02	-4.80357073e-02	-1.30521203e-03	-1.12924837e-01	2.41665170e-01	2.66448576e-02	1.53211609e-01	2.09856883e-01	-2.54361659e-01	2.55292147e-01	8.34621862e-02	-1.56181743e-02	7.64214471e-02	3.29073370e-02	-9.96017382e-02	-6.49577053e-03	-1.60659552e-01	-8.16797689e-02	1.07251108e-01	-7.87119940e-02	1.44040823e-01	1.36882998e-02	-2.86143441e-02	-1.14658378e-01	2.71190517e-03	9.74612311e-02	-1.29503027e-01	1.50260068e-02	-1.42721459e-01	1.93071179e-02	
-7.28500038e-02	1.21227726e-01	2.75290728e-01	3.13541830e-01	-1.11502111e-01	6.72154948e-02	-4.12184507e-01	-2.67194420e-01	2.46259466e-01	-2.77505785e-01	-3.01470190e-01	-5.46908826e-02	4.34578705e+00	8.66836831e-02	3.12700301e-01	-2.27376625e-01	-5.01364231e-01	-7.34114572e-02	6.75764382e-02	-3.02845836e-01	3.05029273e-01	-3.46779227e-01	-2.59080827e-02	-8.24590206e-01	-2.61461198e-01	-9.37384516e-02	-5.41533053e-01	-2.56643891e-02	-7.19873250e-01	7.79380091e-03	1.31842941e-01	-2.87144244e-01	2.95843542e-01	-6.22734666e-01	-1.35545000e-01	-4.08868462e-01	1.47645605e+00	3.49244207e-01	-3.20351347e-02	3.27229500e-01	
-3.71057063e-01	
-1.51137531e-01	
7.80934453e-01	
-1.45698309e-01	
-3.24177414e-01	
7.19015479e-01	
-6.41087353e-01	
-8.15901697e-01	
3.69678587e-01	
-2.40763605e-01	
-6.93242326e-02	
-2.51803398e-01	
-4.71264482e-01	
4.03382957e-01	
-5.21497667e-01	
7.89492548e-01	
7.08454475e-02	
4.24456477e-01	
-5.99799454e-01	
-1.11720324e-01	
-4.42186177e-01	
-1.21378034e-01	
-6.22224882e-02	
4.96999532e-01	
-2.18752593e-01	
-2.64843345e-01	
-5.92000365e-01	
-1.69760078e-01	
4.86099243e-01	
-5.97637355e-01	
3.88972424e-02	
1.55437902e-01	
6.21492147e-01	
-6.54408574e-01	
-6.33827567e-01	
-2.50181675e-01	
-8.26737061e-02	
4.95920151e-01	
1.50034100e-01	
8.17514420e-01	
2.21573889e-01	
4.36713137e-02	
-1.56385720e-01	
1.03474967e-01	
-2.59890884e-01	
-5.36946394e-02	
-1.29807398e-01	
-1.46639273e-02	
-1.54000390e-02	
-9.72397253e-02	
-1.06004052e-01	
6.79581836e-02	
-1.53352320e-01	
-1.74824018e-02	
-3.14682722e-01	
8.81909207e-03	
5.15569970e-02	
-2.53867298e-01	
2.07519561e-01	
-2.56539196e-01	
-1.10892043e-01	
1.52855977e-01	
-7.24564195e-02	
1.26053886e-02	
-1.02429710e-01	
-2.49332879e-02	
-4.40778077e-01	
-7.22618550e-02	
1.76789150e-01	
-1.51705533e-01	
-5.21090738e-02	
1.50488988e-01	
-2.53478408e-01	
2.34927192e-01	
-9.14698765e-02	
3.11163515e-01	
8.93033296e-02	
1.80613734e-02	
5.94990216e-02	
-3.19683760e-01	
1.10848877e-03	
-4.42856625e-02	
4.55014333e-02	
-1.39646262e-01	
-8.92404467e-02	
-1.63276076e-01	
9.74308178e-02	
-8.05700012e-03	
-2.06160367e-01	
-6.35755435e-02	
-1.02829583e-01	
3.12269181e-02	
1.44011110e-01	
-7.93746114e-02	
5.43598607e-02	
-4.49720770e-03	
1.07192308e-01	
-8.14766958e-02	
-1.27033934e-01	
-1.44045815e-01	
-2.11333439e-01	
8.56000036e-02	
-1.45591915e-01	
2.04408523e-02	
-6.28997311e-02	
1.38657391e-01	
-1.49310678e-01	
-1.83672309e-02	
7.77166709e-02	
1.29013211e-01	
-8.29519555e-02	
-1.44554302e-01	
-5.02187526e-03	
-1.15201481e-01	
-1.23695277e-01	
1.43104389e-01	
-3.78963590e-01	
3.69455442e-02	
-1.18781067e-01	
-1.28493920e-01	
1.66198052e-02	
