MIN 0: RCval = 9.9996e-01
MIN 1: RCval = 7.3630e-01
MIN 2: RCval = 8.9294e-01
MIN 3: RCval = 3.4772e-12
BETA = 9.00
NEXIT = 10000
Milestones:
1.0000e-04
5.2721e-02
1.0534e-01
1.5796e-01
2.1058e-01
2.6321e-01
3.1583e-01
3.6845e-01
4.2107e-01
4.7369e-01
5.2631e-01
5.7893e-01
6.3155e-01
6.8417e-01
7.3679e-01
7.8942e-01
8.4204e-01
8.9466e-01
9.4728e-01
9.9990e-01
Run 0: from min 3 to min 0
0	4.4015e+01
1	8.3760e-02
2	6.1024e-01
3	6.8799e-01
4	7.6640e-01
5	7.4102e-01
6	7.4627e-01
7	7.6834e-01
8	7.8401e-01
9	7.5131e-01
10	7.3746e-01
11	7.3926e-01
12	7.2427e-01
13	7.5341e-01
14	8.2413e-01
15	8.6520e-01
16	8.5558e-01
17	7.4305e-01
18	7.1633e-01
19	4.6038e-01
Escape_rate = 1.3204e-02
CPU time = 7741.1
Run 1: from min 3 to min 0
0	6.0625e+01
1	1.0015e-01
2	6.2170e-01
3	6.9132e-01
4	7.7095e-01
5	7.4555e-01
6	7.4477e-01
7	7.6383e-01
8	7.8266e-01
9	7.3303e-01
10	7.3335e-01
11	7.3169e-01
12	7.2056e-01
13	7.5517e-01
14	8.3139e-01
15	8.6393e-01
16	8.5063e-01
17	7.5347e-01
18	7.1536e-01
19	4.5637e-01
Escape_rate = 2.1481e-02
CPU time = 8008.68
Run 2: from min 3 to min 0
0	7.3659e+01
1	7.9113e-02
2	6.1667e-01
3	6.8899e-01
4	7.7000e-01
5	7.5239e-01
6	7.4979e-01
7	7.7018e-01
8	7.9264e-01
9	7.4850e-01
10	7.5335e-01
11	7.6764e-01
12	7.7155e-01
13	8.0502e-01
14	8.5815e-01
15	8.6987e-01
16	8.6326e-01
17	7.5273e-01
18	7.0457e-01
19	4.5577e-01
Escape_rate = 2.7496e-02
CPU time = 7666.6
Run 3: from min 3 to min 0
0	8.8192e+01
1	7.6109e-02
2	5.9140e-01
3	6.5911e-01
4	7.4113e-01
5	7.1357e-01
6	6.9730e-01
7	7.1134e-01
8	7.1644e-01
9	6.4847e-01
10	6.1244e-01
11	5.7117e-01
12	4.6503e-01
13	4.5519e-01
14	7.2706e-01
15	9.0563e-01
16	8.9831e-01
17	8.2802e-01
18	8.5383e-01
19	5.3894e-01
Escape_rate = 5.3211e-03
CPU time = 11137.5
Run 4: from min 3 to min 0
0	6.6538e+01
1	7.9479e-02
2	6.0028e-01
3	6.7820e-01
4	7.6453e-01
5	7.3513e-01
6	7.2432e-01
7	7.6138e-01
8	7.7537e-01
9	7.3351e-01
10	7.4610e-01
11	7.4416e-01
12	7.5483e-01
13	8.0496e-01
14	8.6648e-01
15	8.7719e-01
16	8.5653e-01
17	7.4688e-01
18	7.0842e-01
19	4.5731e-01
Escape_rate = 2.0168e-02
CPU time = 7803.38
Run 5: from min 3 to min 0
0	7.5282e+01
1	8.0559e-02
2	5.9995e-01
3	6.7038e-01
4	7.6214e-01
5	7.3083e-01
6	7.2977e-01
7	7.5643e-01
8	7.7340e-01
9	7.3014e-01
10	7.1917e-01
11	7.3131e-01
12	7.1715e-01
13	7.5700e-01
14	8.1169e-01
15	8.6753e-01
16	8.5587e-01
17	7.5165e-01
18	7.0492e-01
19	4.5767e-01
Escape_rate = 1.7672e-02
CPU time = 7711.95
Run 6: from min 3 to min 0
0	7.9971e+01
1	7.8127e-02
2	6.0132e-01
3	6.7395e-01
4	7.4755e-01
5	7.2674e-01
6	7.1917e-01
7	7.4019e-01
8	7.5064e-01
9	7.0567e-01
10	6.9648e-01
11	6.9560e-01
12	6.9391e-01
13	7.5024e-01
14	8.3619e-01
15	8.7260e-01
16	8.5970e-01
17	7.4322e-01
18	7.1053e-01
19	4.5969e-01
Escape_rate = 1.4897e-02
CPU time = 7660.77
Run 7: from min 3 to min 0
0	7.9698e+01
1	8.3979e-02
2	6.0281e-01
3	6.7083e-01
4	7.6017e-01
5	7.2506e-01
6	7.2103e-01
7	7.4151e-01
8	7.7065e-01
9	7.2354e-01
10	7.1654e-01
11	7.3169e-01
12	7.4738e-01
13	7.8272e-01
14	8.4182e-01
15	8.7070e-01
16	8.5085e-01
17	7.4543e-01
18	7.1215e-01
19	4.5928e-01
Escape_rate = 2.0740e-02
CPU time = 7538.98
Run 8: from min 3 to min 0
0	4.7436e+01
1	1.0243e-01
2	6.5355e-01
3	7.2474e-01
4	7.9397e-01
5	7.8684e-01
6	7.8585e-01
7	8.1974e-01
8	8.3347e-01
9	8.1129e-01
10	8.2041e-01
11	8.3465e-01
12	8.3306e-01
13	8.3236e-01
14	8.1927e-01
15	8.5999e-01
16	8.4739e-01
17	7.4878e-01
18	7.5660e-01
19	4.9167e-01
Escape_rate = 4.9455e-02
CPU time = 8838.93
Run 9: from min 3 to min 0
0	6.5123e+01
1	6.9636e-02
2	5.8548e-01
3	6.6020e-01
4	7.4096e-01
5	7.0766e-01
6	6.8970e-01
7	7.1250e-01
8	7.2775e-01
9	6.5466e-01
10	6.4392e-01
11	6.4433e-01
12	6.4271e-01
13	6.9512e-01
14	8.1123e-01
15	8.9270e-01
16	8.7047e-01
17	7.2390e-01
18	7.3325e-01
19	4.8967e-01
Escape_rate = 6.5355e-03
CPU time = 7262.93
Escape rate vector:
1.3204e-02
2.1481e-02
2.7496e-02
5.3211e-03
2.0168e-02
1.7672e-02
1.4897e-02
2.0740e-02
4.9455e-02
6.5355e-03
Mean escape rate = 1.9697e-02
Standard deviation = 1.2472e-02
