MIN 0: RCval = 4.2372e-05
MIN 1: RCval = 2.6370e-01
MIN 2: RCval = 1.0706e-01
MIN 3: RCval = 1.0000e+00
BETA = 9.00
NEXIT = 10000
Milestones:
1.0000e-04
5.2721e-02
1.0534e-01
1.5796e-01
2.1058e-01
2.6321e-01
3.1583e-01
3.6845e-01
4.2107e-01
4.7369e-01
5.2631e-01
5.7893e-01
6.3155e-01
6.8417e-01
7.3679e-01
7.8942e-01
8.4204e-01
8.9466e-01
9.4728e-01
9.9990e-01
Run 0: from min 0 to min 3
0	2.5569e+02
1	5.7885e-05
2	1.7362e-01
3	3.4768e-01
4	6.1885e-01
5	6.3528e-01
6	8.7773e-01
7	9.4438e-01
8	9.6256e-01
9	9.6984e-01
10	9.7428e-01
11	9.7570e-01
12	9.8039e-01
13	9.8135e-01
14	9.8203e-01
15	9.8232e-01
16	9.8164e-01
17	9.7934e-01
18	9.7742e-01
19	9.5502e-01
Escape_rate = 2.1519e-04
CPU time = 14025.1
Run 1: from min 0 to min 3
0	2.4631e+02
1	4.8476e-05
2	1.7567e-01
3	3.4174e-01
4	6.2508e-01
5	6.2325e-01
6	8.7359e-01
7	9.4661e-01
8	9.6145e-01
9	9.7012e-01
10	9.7069e-01
11	9.7466e-01
12	9.8068e-01
13	9.8241e-01
14	9.8068e-01
15	9.8203e-01
16	9.8203e-01
17	9.8155e-01
18	9.7485e-01
19	9.5365e-01
Escape_rate = 1.6944e-04
CPU time = 15268.9
Run 2: from min 0 to min 3
0	2.5557e+02
1	4.9639e-05
2	1.7229e-01
3	3.4332e-01
4	6.1573e-01
5	6.3412e-01
6	8.7040e-01
7	9.4491e-01
8	9.6061e-01
9	9.6702e-01
10	9.7182e-01
11	9.7542e-01
12	9.8145e-01
13	9.8319e-01
14	9.8126e-01
15	9.8222e-01
16	9.8377e-01
17	9.8145e-01
18	9.7838e-01
19	9.5229e-01
Escape_rate = 1.7752e-04
CPU time = 15134
Run 3: from min 0 to min 3
0	2.3604e+02
1	6.1378e-05
2	1.7518e-01
3	3.6041e-01
4	6.5915e-01
5	6.7259e-01
6	8.8106e-01
7	9.3844e-01
8	9.5932e-01
9	9.6759e-01
10	9.7135e-01
11	9.7314e-01
12	9.7972e-01
13	9.8116e-01
14	9.8001e-01
15	9.7943e-01
16	9.8001e-01
17	9.8213e-01
18	9.7761e-01
19	9.4814e-01
Escape_rate = 2.4216e-04
CPU time = 14140.6
Run 4: from min 0 to min 3
0	2.4570e+02
1	5.7641e-05
2	1.7400e-01
3	3.5894e-01
4	6.4408e-01
5	6.6129e-01
6	8.7612e-01
7	9.3729e-01
8	9.5584e-01
9	9.6880e-01
10	9.7257e-01
11	9.7494e-01
12	9.7666e-01
13	9.8078e-01
14	9.8020e-01
15	9.8068e-01
16	9.8416e-01
17	9.8010e-01
18	9.7542e-01
19	9.4805e-01
Escape_rate = 2.2311e-04
CPU time = 14804.9
Run 5: from min 0 to min 3
0	2.4015e+02
1	4.8788e-05
2	1.7515e-01
3	3.5137e-01
4	6.4763e-01
5	6.5630e-01
6	8.7359e-01
7	9.3888e-01
8	9.5813e-01
9	9.6731e-01
10	9.6974e-01
11	9.7362e-01
12	9.7914e-01
13	9.7953e-01
14	9.7800e-01
15	9.8058e-01
16	9.8135e-01
17	9.7972e-01
18	9.7551e-01
19	9.5347e-01
Escape_rate = 1.8092e-04
CPU time = 15652.1
Run 6: from min 0 to min 3
0	2.4093e+02
1	5.4615e-05
2	1.7836e-01
3	3.5647e-01
4	6.3295e-01
5	6.4197e-01
6	8.7100e-01
7	9.4366e-01
8	9.6265e-01
9	9.6787e-01
10	9.7295e-01
11	9.7390e-01
12	9.8068e-01
13	9.8030e-01
14	9.8174e-01
15	9.7914e-01
16	9.8396e-01
17	9.8049e-01
18	9.7542e-01
19	9.5102e-01
Escape_rate = 2.0402e-04
CPU time = 14698.5
Run 7: from min 0 to min 3
0	2.4183e+02
1	5.0324e-05
2	1.7372e-01
3	3.4830e-01
4	6.3131e-01
5	6.4408e-01
6	8.7222e-01
7	9.3985e-01
8	9.5988e-01
9	9.6618e-01
10	9.7656e-01
11	9.7570e-01
12	9.7895e-01
13	9.8135e-01
14	9.7991e-01
15	9.8203e-01
16	9.8232e-01
17	9.8030e-01
18	9.7704e-01
19	9.5166e-01
Escape_rate = 1.7954e-04
CPU time = 15326.2
Run 8: from min 0 to min 3
0	2.5960e+02
1	5.2908e-05
2	1.7501e-01
3	3.4492e-01
4	6.3678e-01
5	6.3735e-01
6	8.7032e-01
7	9.4491e-01
8	9.6135e-01
9	9.7087e-01
10	9.7456e-01
11	9.7570e-01
12	9.7962e-01
13	9.8357e-01
14	9.8010e-01
15	9.8049e-01
16	9.8338e-01
17	9.8107e-01
18	9.7590e-01
19	9.5157e-01
Escape_rate = 2.0374e-04
CPU time = 14735.3
Run 9: from min 0 to min 3
0	2.5473e+02
1	7.2361e-05
2	1.7458e-01
3	3.5792e-01
4	6.5295e-01
5	6.6186e-01
6	8.7604e-01
7	9.4242e-01
8	9.5804e-01
9	9.6852e-01
10	9.7220e-01
11	9.7656e-01
12	9.8135e-01
13	9.8030e-01
14	9.8232e-01
15	9.8241e-01
16	9.8155e-01
17	9.7867e-01
18	9.7800e-01
19	9.4769e-01
Escape_rate = 2.9923e-04
CPU time = 13180.1
Escape rate vector:
2.1519e-04
1.6944e-04
1.7752e-04
2.4216e-04
2.2311e-04
1.8092e-04
2.0402e-04
1.7954e-04
2.0374e-04
2.9923e-04
Mean escape rate = 2.0949e-04
Standard deviation = 3.9075e-05
