-6.60099924e-01	-1.61596072e+00	
-5.92411220e-01	4.64639425e-01	
-1.75927281e-01	3.80997360e-01	
3.36762458e-01	-6.21168554e-01	
4.15127337e-01	-5.05275667e-01	
4.66881216e-01	1.12331353e-01	
7.76220322e-01	1.13317691e-01	
9.85840201e-01	-2.18909532e-01	
3.28674197e-01	-2.45241001e-01	
-3.72412175e-01	-1.48815468e-01	
-6.09822929e-01	2.03316540e-01	
6.88163117e-02	1.07799673e+00	
2.61245996e-01	4.36208397e-01	
1.61269009e-02	-2.02554122e-01	
-6.13958359e-01	-1.87544540e-01	
-3.89072120e-01	3.50934327e-01	
5.64096868e-01	-6.13316119e-01	
-6.40302777e-01	2.03147810e-02	
-5.88754356e-01	3.72839440e-03	
-6.39237940e-01	2.25679010e-01	
4.23300683e-01	4.06006277e-01	
5.28088450e-01	-8.15482736e-02	
3.54378045e-01	-4.34537321e-01	
-2.44281888e-01	5.72245121e-01	
3.87476444e-01	2.11381223e-02	
1.54411718e-01	-1.51405334e-01	-1.87676027e-01	-1.83070257e-01	-1.84522316e-01	3.16241272e-02	1.51157146e-02	6.79581910e-02	1.51496604e-01	-3.34277167e-03	1.54471640e-02	5.69489710e-02	-1.67736888e-01	6.00195900e-02	1.86656386e-01	7.04371482e-02	-1.22743130e-01	9.28621069e-02	1.83177114e-01	4.32728305e-02	-1.44146442e-01	-1.94124103e-01	-1.58067614e-01	1.66263267e-01	-9.36798826e-02	
8.03856086e-03	-5.39433397e-02	-1.07785791e-01	2.07436848e-02	-7.06256628e-02	-2.01792985e-01	9.36674252e-02	-1.56252906e-01	1.84919789e-01	1.53036125e-03	-1.45636320e-01	-1.79858416e-01	-1.28805101e-01	-1.45707995e-01	-1.96760640e-01	7.98605308e-02	4.73883897e-02	1.80353865e-01	-5.26559614e-02	-9.00736079e-02	1.35652751e-01	-1.00773595e-01	-2.12628916e-02	8.00302029e-02	-5.56212254e-02	
-4.75249300e-03	-8.06536674e-02	-4.50464264e-02	1.04170017e-01	-3.96594293e-02	-1.70165613e-01	-1.58863932e-01	-8.79764333e-02	-1.27320156e-01	-1.02578834e-01	-7.43558183e-02	7.16545805e-02	-5.99167608e-02	1.46830082e-03	1.71633124e-01	-1.01578593e-01	4.79203239e-02	1.44725248e-01	1.27394229e-01	4.50432785e-02	8.94738436e-02	-1.81383163e-01	1.34025095e-02	9.75402147e-02	7.15469867e-02	
-7.84513056e-01	3.67090642e-01	3.59335989e-01	-4.50098738e-02	-3.70048657e-02	-1.92735448e-01	-7.08672823e-03	-1.09516740e+00	1.13581225e-01	1.91013604e-01	9.85404253e-02	-7.46515870e-01	5.69123030e-02	1.96643949e-01	-2.63315924e-02	3.19251508e-01	-4.97100353e-02	-1.50740147e-01	-1.39799431e-01	-1.80393010e-01	1.73479944e-01	2.91200459e-01	2.19721317e-01	7.08103031e-02	-1.19135968e-01	
-8.05666387e-01	3.27080071e-01	5.05650900e-02	1.39080688e-01	-1.97928965e-01	7.19618276e-02	-1.60962325e-02	-1.06946027e+00	-1.70462847e-01	3.96705642e-02	2.89259791e-01	-6.45769000e-01	1.42139763e-01	4.69682701e-02	1.67685509e-01	-2.21724231e-02	9.30775478e-02	-1.20276883e-01	1.18944578e-01	1.12407260e-01	-6.69318659e-04	5.33275902e-02	3.99241783e-02	-5.39296260e-03	1.43887907e-01	
3.65685225e-02	-1.26653790e-01	-1.66208729e-01	-1.80565387e-01	1.68743923e-01	6.24677651e-02	1.84009701e-01	9.02102739e-02	-1.78291276e-01	1.02845125e-01	1.64142966e-01	-8.82730260e-02	6.69281511e-03	-1.07732778e-02	2.27990393e-02	-1.37564659e-01	-8.96191373e-02	5.51156066e-02	1.64266378e-01	-9.90326181e-02	-6.82809129e-02	-1.06886744e-01	-1.40047744e-01	-6.69379253e-03	4.71867323e-02	
5.43037593e-01	-8.03128555e-02	1.14917330e-01	2.70212203e-01	1.22420959e-01	1.79501101e-01	2.60446500e-02	4.60383654e-01	-1.24082074e-01	-1.08205870e-01	-1.40179638e-02	5.70531785e-01	-1.21633038e-01	1.30838022e-01	1.59222797e-01	1.03806093e-01	1.54919073e-01	1.71606299e-02	-1.96483597e-01	1.90138623e-01	1.74264520e-01	2.06201911e-01	2.04491675e-01	-5.31746000e-02	2.42787853e-01	
8.94624710e-01	-1.29719481e-01	-7.73018003e-02	1.30502343e-01	1.49873748e-01	1.36068210e-01	-4.35934886e-02	9.53203499e-01	-1.31230593e-01	-1.56608462e-01	8.38333145e-02	4.12923455e-01	-5.94162308e-02	1.02352098e-01	1.82987854e-01	-1.94032103e-01	2.25929901e-01	1.93642855e-01	1.17139958e-01	-1.86666951e-01	-1.65806208e-02	-3.06082657e-03	8.42186529e-03	-1.01191796e-01	-1.33279681e-01	
1.84109375e-01	7.64906406e-03	-1.73797444e-01	-6.61268458e-02	-1.77075863e-01	1.62889466e-01	-1.12568401e-01	6.01713685e-03	-1.60637096e-01	3.10822260e-02	-5.77428341e-02	5.52862398e-02	-1.49412900e-01	8.36131349e-02	5.75528853e-02	9.60850939e-02	-1.54394612e-01	1.38175890e-01	8.08515772e-02	-1.00988820e-01	1.54633090e-01	-1.77751690e-01	1.68146774e-01	1.23898508e-02	1.43382221e-01	
-2.26231098e-01	-8.87692869e-02	-9.26621705e-02	1.47450641e-01	-6.06227927e-02	1.22463904e-01	-1.55353352e-01	1.67227417e-01	-6.50719181e-02	8.91541764e-02	-1.19553104e-01	-1.31093085e-01	-2.52341442e-02	-4.30415384e-02	-8.35636631e-02	1.68635160e-01	1.61551446e-01	6.34224638e-02	-4.36974280e-02	1.80935979e-01	-2.06376523e-01	-1.62165314e-01	-1.29815534e-01	2.22674366e-02	-1.42290622e-01	
-9.03462052e-01	1.63245261e-01	2.34765321e-01	1.25623420e-01	7.80438334e-02	-2.09855214e-02	-9.74313542e-02	-1.01931334e+00	1.99187398e-01	-2.03575138e-02	5.77696972e-02	-5.56376994e-01	1.39324144e-01	-4.27240618e-02	2.83598192e-02	2.32111201e-01	2.04757869e-01	-5.03064394e-02	-9.15540457e-02	-4.38552387e-02	1.65806934e-01	5.64399324e-02	1.96652282e-02	4.76003401e-02	4.65033092e-02	
5.25394917e-01	1.58721477e-01	2.04503492e-01	1.38342276e-01	2.12443158e-01	-1.00911066e-01	2.17177555e-01	3.97274643e-01	-1.40981108e-01	-1.14845037e-01	-1.08638577e-01	3.85590434e-01	8.53235871e-02	-1.40577555e-01	5.26643991e-02	2.35571623e-01	1.39577746e-01	-1.33065611e-01	-1.35022387e-01	5.03279939e-02	1.04527131e-01	2.57421076e-01	1.53843388e-01	8.56452063e-03	2.53156960e-01	
-1.10364325e-01	1.20967709e-01	-1.15071841e-01	1.18905224e-01	-1.17862940e-01	-8.82073417e-02	-6.38316274e-02	5.26988395e-02	-1.64667256e-02	-1.51144743e-01	-1.70481697e-01	-1.09327219e-01	-1.17944263e-01	1.79777905e-01	8.03029761e-02	1.63871527e-01	1.69129193e-01	-1.99766591e-01	-5.22447824e-02	-1.85725138e-01	-1.99179217e-01	-8.01676437e-02	2.43711211e-02	2.90319920e-02	-1.12328887e-01	
3.78371149e-01	-1.78259373e-01	1.13778003e-01	-9.25903022e-02	1.85300484e-01	9.23916115e-04	1.89917266e-01	7.92020977e-01	-1.62086993e-01	-1.15916826e-01	7.28981718e-02	5.32029867e-01	-1.36751890e-01	-3.38960662e-02	-4.75160144e-02	7.26377219e-02	2.23956481e-01	-7.72833154e-02	-6.82726875e-02	-4.88822488e-03	1.60661891e-01	-1.26803648e-02	5.23656718e-02	4.10244130e-02	-9.08726603e-02	
-1.81191236e-01	-1.45396469e-02	-1.67629391e-01	-1.27571806e-01	9.54086334e-02	-1.91523865e-01	-8.98654237e-02	-5.26130199e-03	-1.26540855e-01	1.88724529e-02	-7.64057860e-02	-7.49971643e-02	1.19594596e-01	-1.95676208e-01	8.54723454e-02	-5.71860783e-02	2.47591734e-02	4.68188301e-02	9.98463184e-02	1.29270598e-01	1.65610537e-01	-5.98511705e-03	-1.11382967e-02	-5.09386063e-02	5.44990562e-02	
5.70958912e-01	5.38676977e-02	1.00337036e-01	2.27908596e-01	-3.55185312e-03	-9.47760567e-02	1.94389209e-01	8.23387265e-01	-8.95580053e-02	1.83804423e-01	3.99176478e-02	6.61943614e-01	5.03442138e-02	1.29842833e-01	6.14814535e-02	-1.31170526e-01	5.39870672e-02	1.01840518e-01	-5.60041443e-02	-1.27548859e-01	1.18556820e-01	2.31564101e-02	2.74506480e-01	1.80872872e-01	2.37420872e-01	
-7.32329309e-01	2.79050559e-01	3.46043020e-01	3.89647782e-02	2.53168643e-02	-3.54804285e-02	-9.99535397e-02	-9.53996539e-01	2.73748767e-02	-1.06515050e-01	3.10836405e-01	-5.68294466e-01	8.60007387e-03	1.27888903e-01	1.24647312e-01	1.09185219e-01	-1.51877016e-01	7.76293054e-02	2.49167439e-02	1.43266946e-01	3.74452658e-02	1.23769015e-01	1.23936698e-01	1.64280772e-01	-2.79248673e-02	
-7.73338974e-01	2.49246851e-01	1.62675768e-01	-3.27830203e-02	9.61753577e-02	2.17075530e-03	-8.41843337e-02	-9.27495122e-01	-1.34337708e-01	5.80242872e-02	3.87272635e-03	-5.61840892e-01	2.49353319e-01	-1.38215736e-01	-1.39248729e-01	-1.17839808e-02	6.02062047e-02	-1.87785342e-01	9.31913853e-02	1.97481439e-01	1.47889018e-01	-2.62696054e-02	-8.79548937e-02	8.17767531e-02	1.30180329e-01	
3.24613035e-01	-1.29032433e-02	-1.68575227e-01	8.41014087e-02	1.95959017e-01	1.54706970e-01	-9.21991840e-02	5.42953193e-01	3.50173824e-02	1.19126938e-01	1.26995649e-02	5.92894554e-01	8.16451088e-02	-6.45209327e-02	-3.03170439e-02	-2.14267135e-01	1.43887386e-01	-7.13413730e-02	-1.06043056e-01	-1.29383788e-01	-1.78154483e-01	3.07736825e-02	1.33281738e-01	5.40705770e-03	-1.31810099e-01	
6.01059198e-01	1.09490991e-01	-5.74817955e-02	-4.27226126e-02	4.92222235e-03	4.06603515e-02	-8.56888741e-02	6.35238528e-01	-7.62170553e-02	1.82131812e-01	9.34274942e-02	5.76337278e-01	1.32801071e-01	-1.76328257e-01	-1.20219208e-01	-1.15063891e-01	1.79485843e-01	-9.87756252e-03	-1.32058293e-01	-1.05691098e-01	1.50674433e-01	2.25461751e-01	7.11727515e-02	1.23773023e-01	7.67363310e-02	
7.32882977e-01	-3.21973711e-02	-1.45449117e-01	1.32800683e-01	2.48428449e-01	7.52903670e-02	-2.94639617e-02	9.86537814e-01	1.13279089e-01	-7.82577973e-03	-5.84631152e-02	4.66518700e-01	1.38246119e-01	1.21351719e-01	1.14879966e-01	2.81709302e-02	4.17143945e-03	1.67489052e-03	1.05960898e-01	1.32886216e-01	-3.17127705e-02	-2.97764447e-02	1.17483802e-01	5.48433373e-03	-1.46771148e-01	
1.16574991e+00	1.09358383e-02	-2.70229936e-01	-7.08617419e-02	2.64717907e-01	-1.91146314e-01	1.94825768e-01	1.26852834e+00	2.10021630e-01	-6.24251142e-02	7.77382404e-02	7.71811366e-01	-1.19417615e-01	1.44972326e-02	1.73264500e-02	8.15516710e-02	8.47923979e-02	8.17821994e-02	1.30655214e-01	1.09470062e-01	3.18323039e-02	1.44538265e-02	1.54332608e-01	-1.07453614e-01	-9.46093872e-02	
-6.16536140e-02	-1.96645528e-01	1.21948361e-01	-5.92479482e-02	-1.54065475e-01	3.37775461e-02	-6.14897273e-02	3.84114273e-02	1.53875038e-01	-1.03483416e-01	1.48985311e-01	-1.99331090e-01	-1.52520999e-01	1.57328278e-01	-2.52066851e-02	8.51524100e-02	-1.16952300e-01	-2.67560482e-02	3.32915299e-02	1.73144862e-01	2.20054388e-02	-4.07959931e-02	-7.60111585e-02	7.39412829e-02	4.44955342e-02	
-1.62300080e-01	-9.19309705e-02	-5.03711924e-02	5.62018156e-02	1.04825914e-01	1.30775884e-01	2.96802282e-01	-2.95459598e-01	-5.26628233e-02	-6.43916130e-02	-3.82744446e-02	1.08931817e-01	1.96744591e-01	-1.49256349e-01	-7.05821738e-02	-7.17534348e-02	1.25603527e-01	-7.41302744e-02	1.51167676e-01	4.07854579e-02	3.70192349e-01	2.85264641e-01	3.07576776e-01	3.28627415e-02	2.40324199e-01	
8.85406852e-01	-6.14228733e-02	7.28012994e-02	1.53716817e-01	1.83650225e-01	-3.50531526e-02	3.06331702e-02	1.19264102e+00	-1.99491605e-02	-1.21178985e-01	-5.02882749e-02	6.02348745e-01	-1.71880245e-01	-1.92788228e-01	-1.05126046e-01	-1.80102527e-01	1.60048559e-01	8.48705098e-02	4.78615761e-02	9.19642486e-03	-8.74882266e-02	1.00309864e-01	-7.32204691e-02	-8.97476524e-02	8.03638846e-02	
1.42099127e-01	-1.56351209e-01	1.87908009e-01	-3.80929232e-01	-3.98419678e-01	1.37763843e-01	1.69032425e-01	1.98157057e-01	2.76800636e-02	-9.68740582e-02	-1.73113793e-01	1.36795342e-01	-1.54661879e-01	2.26176381e-01	-5.97063079e-02	3.72506261e-01	-2.10526258e-01	-2.15070426e-01	3.21942389e-01	1.57774553e-01	6.72318190e-02	4.62513328e-01	-1.03596216e-02	2.05458164e-01	3.08844417e-01	
1.12540841e-01	-1.84328333e-01	-4.77115177e-02	-4.31359887e-01	-9.32940468e-02	5.90857528e-02	2.91317195e-01	1.84207767e-01	-1.74451824e-02	-1.21388577e-01	-1.91498607e-01	2.22117826e-01	-6.06155731e-02	-4.74751703e-02	3.26240063e-03	4.02614266e-01	-3.46411943e-01	-3.11376095e-01	2.87555419e-02	6.06952198e-02	1.22285508e-01	4.14160550e-01	-1.63481236e-02	9.33364034e-02	3.35310191e-01	
-1.74074337e-01	1.99821517e-01	6.68152347e-02	-1.70854911e-01	-2.26456061e-01	-1.95503742e-01	2.76051372e-01	9.29363966e-02	1.11369424e-01	3.92486714e-02	-1.07263513e-01	2.62069136e-01	-9.09224674e-02	2.08638012e-02	-1.13278441e-01	1.84275627e-01	-2.72352546e-01	-1.68526888e-01	2.96005279e-01	5.39530627e-03	2.49313727e-01	2.26698071e-01	1.09573938e-01	4.56031635e-02	4.09857273e-01	
1.46642908e-01	-6.73143612e-03	1.87976107e-01	-3.96450102e-01	-2.49342158e-01	-7.53314272e-02	2.17071965e-01	3.05367798e-01	-1.24911211e-01	2.25608960e-01	-4.39251840e-01	3.44738752e-01	-6.10080920e-02	1.61194623e-01	9.93222743e-02	1.32500753e-01	-7.66492262e-02	-2.66584873e-01	2.08505675e-01	9.65818465e-02	2.15242982e-01	3.67992133e-01	-1.02972984e-03	2.23098576e-01	4.51314181e-01	
1.48016453e-01	8.93400013e-02	-2.04871427e-02	-1.18973039e-01	-1.86528131e-01	6.59322774e-04	7.27651566e-02	1.24645576e-01	6.69970512e-02	1.61901712e-01	-1.99190244e-01	-3.46200205e-02	-5.61595224e-02	-9.36316997e-02	2.01567654e-02	1.09143384e-01	-1.26544103e-01	-1.50603130e-01	-8.08397755e-02	-7.17524141e-02	1.55060485e-01	8.38385522e-02	-7.15671107e-02	-7.16206357e-02	1.39804497e-01	
1.58957466e-01	-2.01636463e-01	1.33616567e-01	-7.21347854e-02	1.71277881e-01	-1.90668777e-01	-3.59347351e-02	1.66768968e-01	-9.77159962e-02	-5.07551618e-02	1.32645726e-01	-9.78755802e-02	-1.59285381e-01	1.78838834e-01	5.06995693e-02	-3.40993400e-03	-5.37996180e-02	4.06536572e-02	-3.09961401e-02	-1.41348779e-01	-7.85536245e-02	-5.57223372e-02	9.85268578e-02	-1.48757607e-01	8.41944572e-03	
1.90372944e-01	2.10670188e-01	5.93412630e-02	-3.62606674e-01	-3.33903611e-01	-1.86347470e-01	2.50529051e-01	4.00810540e-02	5.72784655e-02	4.84884940e-02	-9.24656391e-02	3.13195407e-01	-1.71379521e-01	1.09909490e-01	-1.15740895e-01	2.28830725e-01	-3.48028690e-01	-1.94803774e-01	3.22832555e-01	3.05391073e-01	2.26234019e-01	2.56180972e-01	-2.88173202e-02	2.58081127e-02	1.33046985e-01	
1.58457473e-01	-5.54304309e-02	-3.27637196e-02	-1.04916550e-01	-2.97600985e-01	1.01516269e-01	1.23208612e-01	1.33835077e-01	-1.42214924e-01	-1.00932285e-01	-2.33302504e-01	6.47251382e-02	-2.89701135e-03	2.28594705e-01	1.81269094e-01	3.17217290e-01	-5.49064428e-02	-1.79457426e-01	2.54586250e-01	4.55145352e-02	3.93402904e-01	5.32661080e-01	-7.61611685e-02	1.35516552e-02	4.53797638e-01	
8.88721272e-02	-7.67832547e-02	-1.34034947e-01	8.27582628e-02	1.59341581e-02	-9.24624726e-02	-7.64696598e-02	-9.89456177e-02	-5.64807169e-02	1.72456488e-01	5.22892503e-03	-1.25462696e-01	-1.72116876e-01	1.72035262e-01	-1.51540518e-01	-1.79379031e-01	-1.94131717e-01	-5.88228693e-03	1.82788119e-01	2.89785862e-03	-1.98287278e-01	-1.57603890e-01	-1.41299233e-01	-1.37777478e-01	-6.86782822e-02	
9.25503001e-02	4.90496233e-02	1.66150644e-01	-3.08812052e-01	-2.89998949e-01	-1.83190614e-01	2.19449118e-01	4.14546520e-01	-1.58004507e-01	2.87075564e-02	-2.37794295e-01	3.14442337e-01	4.72080670e-02	2.54520833e-01	-1.65635020e-01	4.37063605e-01	-1.02770343e-01	-4.95956898e-01	1.58141539e-01	3.26244161e-02	3.78398538e-01	3.92838836e-01	-1.93127260e-01	-8.83006826e-02	2.36104250e-01	
-1.55118734e-01	1.09046344e-02	-1.25126630e-01	-1.27023682e-01	-3.34300399e-01	-1.57389399e-02	2.03900740e-01	2.48992339e-01	1.31182462e-01	4.38699387e-02	-2.68524796e-01	5.41390032e-02	1.00423515e-01	-5.20091280e-02	8.76124650e-02	2.09321171e-01	-1.65043175e-01	-2.86586761e-01	3.20672065e-01	1.88172892e-01	2.75172293e-01	4.14099753e-01	-4.60467348e-03	3.99833620e-02	1.45587906e-01	
1.06224850e-01	-6.01950362e-02	-9.74985585e-02	6.08711064e-01	4.99235719e-01	1.75264269e-01	8.81805867e-02	-3.02222639e-01	-4.84638922e-02	-1.37179807e-01	5.37564456e-01	1.86322063e-01	1.02100499e-01	1.44170418e-01	-1.74835131e-01	-2.03570854e-02	4.43926901e-01	3.04565579e-01	-3.56739074e-01	-2.01967344e-01	-1.68599993e-01	-6.18520498e-01	-6.81825876e-02	1.07219920e-01	-2.51606286e-01	
7.67251775e-02	-1.63727291e-02	8.00935254e-02	-7.97385350e-02	-1.65091947e-01	9.27115232e-02	1.95153236e-01	8.86982158e-02	8.63892585e-02	-1.13936178e-01	-1.53603658e-01	2.34167520e-02	-5.29216602e-02	2.31289625e-01	1.68662906e-01	3.33270997e-01	-3.19906473e-01	-2.48787880e-01	-1.79805215e-02	3.93667780e-02	2.89831191e-01	2.12607652e-01	-1.92648277e-01	-5.74286692e-02	4.18073475e-01	
4.23526764e-03	7.14945570e-02	1.42214641e-01	4.65193301e-01	3.86608154e-01	-3.53408121e-02	1.27903009e-02	-4.16061610e-01	8.63977894e-02	-1.76583290e-01	4.39929813e-01	5.21657951e-02	-1.83400422e-01	-1.20222069e-01	4.89274748e-02	-1.16126835e-01	4.66926485e-01	3.31786543e-01	-1.96108222e-01	-1.97029486e-01	-1.11025855e-01	-3.90895724e-01	1.44193647e-02	1.77400112e-01	-5.08658469e-01	
-6.61086068e-02	1.18543781e-01	1.02779463e-01	-2.35759050e-01	-3.25060666e-01	-1.92611769e-01	2.81154573e-01	3.97418708e-01	-1.96343258e-01	1.35155246e-01	-3.23398978e-01	3.00677806e-01	-4.63276468e-02	-1.67737883e-02	1.37967229e-01	1.29083037e-01	-3.07730108e-01	-2.22761229e-01	3.35321218e-01	1.58562124e-01	1.41179472e-01	6.29906535e-01	9.94945318e-02	6.06872849e-02	5.61999857e-01	
-1.47800609e-01	-6.48103282e-02	2.56342422e-02	-1.63824007e-01	3.64595838e-02	-1.84108745e-02	-1.32771462e-01	5.17808087e-03	6.55663535e-02	1.43605098e-01	5.62376231e-02	-3.27424742e-02	-3.90238166e-02	2.04140134e-02	-1.07553102e-01	-1.26659319e-01	-2.01418195e-02	-2.09621951e-01	3.73636931e-02	-2.06039503e-01	7.03359023e-02	8.74978453e-02	5.62839536e-03	-2.15854004e-01	1.61678433e-01	
-1.52711630e-01	1.45606145e-01	4.75175157e-02	8.17640349e-02	-8.46491605e-02	-3.27801220e-02	-4.45054397e-02	1.83318242e-01	-9.37106386e-02	1.05874754e-01	2.00026929e-01	1.33197503e-02	1.27902403e-01	-1.63184941e-01	-1.15838580e-01	-5.84670017e-03	-1.97224200e-01	9.39847976e-02	-1.80759385e-01	-1.27537856e-02	-1.62987620e-01	-1.16345771e-01	-3.53084579e-02	-4.00767028e-02	1.57464534e-01	
-1.31993324e-01	4.83360924e-02	-1.03902511e-01	-1.47662982e-01	2.27563277e-01	9.03518219e-03	-6.88074157e-02	-3.14881057e-02	9.05444175e-02	-5.17436750e-02	-1.21263847e-01	7.45527595e-02	-2.16094524e-01	-2.27257788e-01	-1.54164717e-01	-1.83557689e-01	-5.80653884e-02	7.10432976e-02	7.58494362e-02	1.32093579e-01	1.13254294e-01	6.40718415e-02	-9.73625705e-02	-2.08688289e-01	-1.12855211e-01	
4.62205186e-02	-1.36065960e-01	1.88984513e-01	-1.22161895e-01	-4.76059973e-01	1.17433168e-01	-9.77102295e-02	1.49830312e-01	-4.31676395e-02	-5.96564934e-02	-1.67887762e-01	1.03983179e-01	6.62692636e-02	5.18175811e-02	1.97400287e-01	2.83449233e-01	-1.36584640e-01	-2.15158314e-02	7.98579976e-02	8.06217939e-02	3.31177592e-01	2.24836633e-01	-2.67811548e-02	1.26424536e-01	1.85403526e-01	
-1.73338100e-01	1.59460738e-01	-5.96268661e-02	-1.73427805e-01	1.74809366e-01	-1.48773149e-01	4.71117012e-02	-6.04724884e-03	-1.07700162e-01	-1.50237113e-01	9.83111858e-02	3.68404388e-03	-9.07213707e-03	-9.53919217e-02	1.47022650e-01	-1.61391690e-01	-1.99263692e-01	3.64491232e-02	-5.60776964e-02	-1.92410976e-01	-1.56484440e-01	1.00473933e-01	-1.29938841e-01	-7.26156756e-02	-1.38682082e-01	
4.33741584e-02	-1.91228181e-01	9.20602605e-02	4.97245878e-01	4.18846637e-01	1.22751549e-01	-1.13696590e-01	-1.78996950e-01	5.42657403e-03	-5.98257072e-02	5.91960609e-01	1.08922213e-01	-8.86261687e-02	-1.71077773e-01	4.18633707e-02	-1.70334473e-01	2.25854963e-01	3.67193520e-01	-1.95349947e-01	-8.02121460e-02	-2.73355603e-01	-5.24782062e-01	-3.07382829e-02	4.19036329e-01	-4.66901630e-01	
1.08352520e-01	7.13274255e-02	2.99999248e-02	-1.08283617e-01	3.57356556e-02	1.23849012e-01	-6.98387846e-02	7.49006793e-02	-1.28297284e-01	1.14897370e-01	8.49616081e-02	-1.95807531e-01	-5.54639809e-02	-1.94233805e-01	1.70343950e-01	9.48810130e-02	6.12244606e-02	1.49947286e-01	1.71183303e-01	-3.72140408e-02	1.71429276e-01	-5.77744022e-02	-5.86574785e-02	-2.20389608e-02	-7.72113819e-03	
-1.38798118e-01	8.47165808e-02	1.41599536e-01	-2.85122871e-01	-2.72116333e-01	-1.44882709e-01	2.49069463e-02	2.45130226e-01	-1.38889536e-01	1.88870773e-01	-1.19276941e-01	2.36702755e-01	-1.11992776e-01	2.31938839e-01	-9.13581625e-02	1.66272834e-01	-7.04981983e-02	-3.18803847e-01	2.67814994e-01	3.06315660e-01	1.48796052e-01	2.17986882e-01	6.83027729e-02	-1.07156344e-01	2.49472678e-01	
-1.47018675e-02	1.14255911e-02	1.49146393e-01	5.32796741e-01	2.83966660e-01	-1.44094810e-01	4.49928045e-02	-4.12989736e-01	-1.37857199e-01	1.26600740e-02	4.42236036e-01	2.76860952e-01	1.77634835e-01	-1.95684716e-01	1.98938400e-01	-1.85052343e-02	4.98251587e-01	5.05035162e-01	-1.69157118e-01	-1.40103295e-01	-3.48669559e-01	-4.67036039e-01	6.44671246e-02	3.86534125e-01	-5.78170776e-01	
-1.53448343e-01	-1.58401221e-01	5.89037910e-02	-2.37421334e-01	-4.83961105e-01	1.11683488e-01	1.11635931e-01	9.32022035e-02	-6.86305761e-02	-1.31481558e-01	-7.56007060e-02	-3.61537114e-02	-6.11094199e-03	3.17335606e-01	-1.22482441e-01	4.61975843e-01	-3.86329442e-01	-1.11323580e-01	-3.74015197e-02	-4.45739925e-02	1.74043506e-01	3.64388317e-01	4.75553535e-02	2.48834088e-01	4.31401819e-01	
3.56685817e-01	3.25985014e-01	3.81881773e-01	1.82975069e-01	8.78835283e-03	-8.90311599e-02	4.35052335e-01	3.85130018e-01	1.43106014e-01	2.30352148e-01	3.34230006e-01	-4.63943094e-01	5.92221320e-01	-5.15744686e-01	2.18009129e-01	-1.67275414e-01	1.18768185e-01	-1.06931798e-01	4.75460708e-01	-3.98807526e-02	-5.83991408e-01	-3.22927013e-02	3.75044197e-01	-5.40375531e-01	2.71437347e-01	
1.72347371e-02	
9.05412316e-01	
6.43266022e-01	
5.08695185e-01	
2.76082754e-01	
2.36963220e-02	
1.65751740e-01	
-5.44515014e-01	
3.53376418e-02	
-5.84165871e-01	
8.59749019e-01	
8.89379904e-03	
6.63741350e-01	
-6.13461971e-01	
-6.35409281e-02	
7.08035052e-01	
6.62377477e-01	
-3.73965532e-01	
-4.33324397e-01	
-4.71061230e-01	
3.34437490e-01	
5.46842992e-01	
6.82757735e-01	
-3.83580446e-01	
1.88633114e-01	
-2.38409042e-02	
4.65885960e-02	
1.70539767e-01	
2.13264376e-01	
-2.27728542e-02	
1.30775258e-01	
2.33186543e-01	
1.14100292e-01	
-1.40612125e-02	
9.83140767e-02	
2.14993760e-01	
3.19621146e-01	
-2.01013252e-01	
1.76947847e-01	
1.15633011e-03	
-2.49333829e-02	
2.00480983e-01	
9.84496549e-02	
5.48125356e-02	
-1.49354309e-01	
1.82389200e-01	
-9.96796563e-02	
-3.83921154e-02	
1.86807066e-01	
3.77362445e-02	
1.08431861e-01	
2.12185547e-01	
-1.27541810e-01	
9.63801593e-02	
-2.20889568e-01	
-6.59901202e-02	
4.93882298e-02	
-5.96441440e-02	
6.85623884e-02	
6.99380413e-02	
2.59469569e-01	
9.76896957e-02	
1.73597783e-01	
3.60039830e-01	
1.40617400e-01	
2.59337798e-02	
-8.05812031e-02	
8.74699280e-02	
2.22646043e-01	
4.88057127e-03	
2.33182564e-01	
-1.92680225e-01	
2.13943869e-01	
9.14519951e-02	
2.54374534e-01	
1.39256448e-01	
