-2.18154237e-01	-6.16550863e-01	-3.97496283e-01	-6.48092449e-01	-3.80876005e-01	-5.62771142e-01	-3.45959425e-01	-3.29188764e-01	
1.03414223e-01	2.79433578e-01	-4.33286279e-01	-1.62341252e-01	7.16320053e-02	3.56238693e-01	-7.16729984e-02	-1.79890960e-01	
-1.55315891e-01	-4.62529749e-01	-3.86673450e-01	-3.11248988e-01	-1.28749058e-01	-2.73312151e-01	-5.71172833e-01	-4.23455954e-01	
-3.52053910e-01	-3.16809982e-01	-6.21950090e-01	-1.32939100e-01	-5.81945479e-02	-4.19841319e-01	-4.06357139e-01	-5.40337801e-01	
-3.35229784e-01	-2.30184734e-01	-1.02517627e-01	1.79216966e-01	9.76543203e-02	1.83017805e-01	-3.35657507e-01	2.67646194e-01	
-5.81021830e-02	-6.37943208e-01	-5.64346135e-01	-4.81283724e-01	-2.75640607e-01	-6.51298881e-01	-4.91798073e-01	-1.92677960e-01	
-3.86683315e-01	1.14834294e-01	-1.68705583e-01	2.04975843e-01	2.00123638e-01	3.61106992e-01	-2.07403436e-01	-1.60990119e-01	
-3.93778563e-01	-8.84336159e-02	-2.13857263e-01	-7.69464765e-03	-3.18311006e-01	-2.62539685e-02	2.88693547e-01	4.11388129e-01	
2.97200345e-02	-8.69719610e-02	-1.85928449e-01	7.54196420e-02	1.10275485e-03	5.29925711e-02	-2.39967987e-01	2.35644072e-01	
3.18772316e-01	2.18793303e-01	-1.95556566e-01	8.70378092e-02	-1.60736471e-01	1.37455419e-01	1.50911018e-01	-2.98731029e-01	
-7.39171878e-02	-3.84720087e-01	1.38772324e-01	1.34337664e-01	1.43180355e-01	7.47604808e-03	3.13055776e-02	2.11599275e-01	
3.68922353e-01	2.92077154e-01	-3.34205717e-01	2.55646676e-01	1.69749558e-01	2.92053167e-02	2.68883526e-01	-2.13819534e-01	
2.19851539e-01	-1.66344121e-01	-1.23457082e-01	3.76817733e-01	5.86273707e-02	-6.83454722e-02	3.44042748e-01	-2.08310366e-01	
2.94030160e-01	-1.92209393e-01	-2.22143009e-01	-3.80222023e-01	2.86639988e-01	1.59079909e-01	1.02280810e-01	-7.01972023e-02	
-6.28601789e-01	8.34154934e-02	2.85468459e-01	2.56217360e-01	-9.40016210e-02	-1.01852626e-01	1.17886268e-01	2.14834027e-02	
-2.11333349e-01	-1.62234455e-01	1.70009494e-01	4.15277146e-02	-3.23218167e-01	1.91818625e-01	-1.87830761e-01	3.39564294e-01	
-3.46285611e-01	-4.95376885e-01	-2.86352873e-01	-5.63449524e-02	1.04753422e-02	-2.26593539e-01	-5.33268452e-01	-4.38064069e-01	
-3.57646018e-01	-4.57648993e-01	2.29476802e-02	-1.00505706e-02	4.44297493e-02	5.53675741e-02	2.35084713e-01	1.61304727e-01	
-4.53437239e-01	-1.70988068e-01	-1.05451837e-01	1.12712882e-01	-3.13374043e-01	1.79804295e-01	2.07198024e-01	2.62834579e-01	
1.19668670e-01	-3.97992581e-01	2.74506718e-01	-2.71742810e-02	-3.46876541e-03	1.57960430e-01	2.66030699e-01	-4.22654390e-01	
5.32846972e-02	3.78415376e-01	3.01559508e-01	-3.93390715e-01	-3.07769805e-01	1.10102393e-01	3.22156735e-02	-1.48171544e-01	
-3.43888164e-01	-2.21693456e-01	-3.80066633e-01	-1.25460371e-01	-4.22102325e-02	-5.95295191e-01	-5.37179887e-01	-4.45016086e-01	
3.02501887e-01	-1.24078169e-01	1.27489507e-01	2.39914194e-01	-1.87831447e-01	-5.44118397e-02	4.13008064e-01	-2.62798518e-01	
-1.62168354e-01	-3.09685349e-01	-2.08890557e-01	-1.55578896e-01	3.80325794e-01	-4.82603647e-02	3.20561171e-01	7.65800700e-02	
-5.14986441e-02	-5.15140183e-02	2.16632754e-01	1.55350536e-01	1.08445235e-01	1.26106754e-01	-2.59370565e-01	3.59548628e-02	
1.07550375e-01	9.49243009e-02	-2.30883732e-01	-3.08111191e-01	-2.88918037e-02	3.52568507e-01	1.23119252e-02	-4.44320180e-02	
-3.72159094e-01	2.11785913e-01	-2.41017640e-01	-1.15823944e-03	1.10724621e-01	-3.46585512e-01	6.20231144e-02	3.13963860e-01	
-1.36225566e-01	-1.33686930e-01	-3.48379701e-01	-9.78610739e-02	3.64627510e-01	-1.32861376e-01	2.04401016e-01	2.07368229e-02	
-1.70002326e-01	2.03572735e-02	-2.81786919e-02	-1.93660170e-01	-1.43956512e-01	-8.33744556e-02	2.85445452e-01	2.23181307e-01	
-5.12053847e-01	-4.11790222e-01	-6.34839535e-01	-1.12358496e-01	3.98049876e-02	-4.55225378e-01	-2.55755603e-01	-4.86481488e-01	
2.21321657e-01	-3.16114686e-02	-2.96791494e-01	-6.68133795e-02	2.42358536e-01	4.62817252e-02	1.27245083e-01	-2.48116240e-01	
2.02234820e-01	1.93253011e-02	2.90896833e-01	3.15706223e-01	1.89480826e-01	1.22110695e-01	-1.81455970e-01	-2.84966618e-01	
9.23787579e-02	-2.10037410e-01	-4.32690024e-01	-6.00145459e-01	-4.07536089e-01	-2.93629080e-01	-1.73925757e-01	-2.49069184e-01	
-1.95672229e-01	-9.41683277e-02	1.80873260e-01	1.40905932e-01	-1.23532280e-01	-4.33778949e-02	-1.87551260e-01	2.74893433e-01	
-4.26831931e-01	-1.41439825e-01	-2.72716302e-02	-5.39773740e-02	2.96596158e-02	-3.34952354e-01	3.11588496e-01	3.47025573e-01	
4.70193982e-01	-1.67846307e-01	-8.69219303e-02	8.69287625e-02	-9.18157250e-02	3.37175816e-01	-5.31626008e-02	-1.12300493e-01	
9.66060162e-02	-4.16744798e-01	2.73993555e-02	3.58017832e-01	-4.29377347e-01	-5.07859886e-02	2.75498569e-01	6.05821609e-02	
1.67625584e-02	1.39998049e-01	-1.59627900e-01	-3.35194230e-01	1.35354623e-01	-2.56767541e-01	1.16801813e-01	4.41719502e-01	
-2.56007940e-01	1.60985216e-01	-5.47746941e-02	-5.18435147e-03	2.31190875e-01	-3.41443084e-02	-2.11916894e-01	3.01073492e-01	
1.83126092e-01	1.20860457e-01	1.13723315e-02	-2.06269994e-01	-9.73892286e-02	3.03027362e-01	-1.05799787e-01	-8.51245373e-02	
2.95191228e-01	2.23776564e-01	3.24668251e-02	1.55410795e-02	-1.60673559e-02	-3.23158093e-02	2.80028909e-01	-2.61075467e-01	
6.55782074e-02	7.38757998e-02	-1.36804447e-01	-2.13640612e-02	3.17031860e-01	2.65971243e-01	2.33570009e-01	-4.10010636e-01	
-5.29617131e-01	-1.94507465e-01	-2.26962045e-01	5.58600901e-03	-2.42418796e-02	-4.64095771e-01	-5.37051797e-01	-5.33122420e-01	
4.56738800e-01	-2.95974135e-01	-1.24263190e-01	9.76903960e-02	1.99952826e-01	1.56233072e-01	8.68826825e-03	2.85239726e-01	
-2.76261508e-01	1.60641059e-01	-2.96074718e-01	-2.47066587e-01	2.23154321e-01	-1.31767988e-01	1.10944152e-01	3.17769021e-01	
-3.66848528e-01	-4.45141286e-01	-3.87290567e-01	-4.16381836e-01	2.39255980e-01	-4.65427876e-01	-2.30848253e-01	6.75393522e-01	-9.99709666e-02	-3.60102832e-01	-1.53861240e-01	-1.30333722e-01	-4.70318109e-01	2.30434909e-02	3.66589487e-01	2.93217629e-01	-4.30557370e-01	4.33225483e-01	2.24737331e-01	3.65735471e-01	5.01454055e-01	-3.60813022e-01	-8.52637291e-01	-6.36548877e-01	8.70811716e-02	-3.79224479e-01	1.30383980e+00	5.28938353e-01	-2.42029811e-04	-5.54929793e-01	-3.55625242e-01	-5.09440303e-01	-3.16134036e-01	1.48813918e-01	8.23438883e-01	-8.07520747e-01	3.74105781e-01	3.99143904e-01	2.89379433e-02	-1.99187428e-01	-6.52178973e-02	-7.66889155e-02	-2.45058581e-01	-2.02728137e-01	-2.49275118e-02	
-3.79596591e-01	-9.39319208e-02	-3.33933979e-01	-1.85126379e-01	-2.44878046e-02	-1.37223259e-01	-6.97631180e-01	6.10844195e-01	2.39369258e-01	-2.58752465e-01	-1.55104741e-01	-3.53072248e-02	-2.95082536e-02	8.19811597e-03	-4.15349454e-02	2.43612621e-02	-2.75574774e-01	2.08304316e-01	-2.10445553e-01	1.80168197e-01	-7.83154666e-02	-3.07796031e-01	-1.57588273e-01	-5.26308060e-01	-5.18843867e-02	9.87073258e-02	7.40027785e-01	7.21942425e-01	2.72414573e-02	-3.10090750e-01	7.73505419e-02	-4.83553052e-01	-2.83108771e-01	3.95159200e-02	6.09944701e-01	-4.21978503e-01	5.42522252e-01	-8.58835503e-03	-6.27494976e-02	-1.86136648e-01	-1.95576400e-01	-5.77762686e-02	-3.11460197e-01	-2.64343232e-01	1.66839138e-01	
1.99272186e-01	3.29332054e-01	-5.32457493e-02	6.06087968e-02	-4.29220349e-01	9.66480300e-02	-1.57328658e-02	-7.44179964e-01	3.73443782e-01	1.41920090e-01	-3.68811600e-02	2.77316216e-02	-1.45718679e-01	1.21967204e-01	-2.84841478e-01	-5.00472486e-01	1.74100369e-01	-3.81963491e-01	-6.55761898e-01	1.92083716e-01	4.30629879e-01	-1.36225624e-02	-8.13165605e-02	-6.01677060e-01	-1.49780750e-01	1.60897583e-01	8.04002807e-02	2.74854898e-01	-4.43174928e-01	-7.73975030e-02	1.99371517e-01	1.96084246e-01	9.66869891e-02	-4.16572362e-01	-3.54628563e-01	4.21873145e-02	-1.19010639e+00	-5.22259139e-02	-2.64543682e-01	-6.71712682e-02	-3.04622203e-02	4.34648022e-02	1.95215315e-01	-1.72733620e-01	-1.83961764e-01	
4.02898043e-01	1.00268766e-01	1.54112771e-01	2.20029488e-01	-2.77567416e-01	4.03641731e-01	-2.45536804e-01	-4.29329038e-01	1.89580724e-01	4.78188209e-02	-1.24419935e-01	-2.01089352e-01	-3.00458223e-01	3.15262228e-02	-4.89728808e-01	-3.43803555e-01	3.71604741e-01	-5.89397430e-01	-4.86590028e-01	-1.97189637e-02	2.75230408e-01	1.82041973e-01	-1.42963275e-01	-5.23042381e-01	-2.55506247e-01	-2.26657286e-01	-3.19609493e-02	-3.02325428e-01	-3.51079792e-01	3.76690209e-01	6.27842471e-02	-1.28538936e-01	1.26100272e-01	-1.25853494e-01	-4.77093667e-01	-2.24611238e-01	-3.72460127e-01	3.61578651e-02	-1.26616552e-01	-1.98855549e-01	-1.48087293e-01	-1.31470278e-01	2.80950457e-01	-9.10434648e-02	-5.17490268e-01	
-1.73604086e-01	1.86673552e-02	3.52504551e-02	-2.26787880e-01	-5.36509037e-01	-2.15648282e-02	-8.16706777e-01	6.60921931e-01	2.70414241e-02	-2.75158510e-02	-1.20945640e-01	-2.34031215e-01	-2.38064691e-01	1.96296275e-01	-1.21520378e-01	5.59293218e-02	-1.76861599e-01	1.94269270e-01	2.77259082e-01	-3.03386509e-01	4.89556611e-01	9.88565385e-03	-4.28932667e-01	8.34738016e-01	-1.59207433e-01	-2.02159733e-02	4.26673174e-01	3.51849645e-01	1.42580107e-01	-1.68622553e-01	-1.68447644e-01	-3.04610878e-01	-1.17867272e-02	-2.33725414e-01	6.79450333e-01	-2.71994233e-01	1.91634089e-01	4.29942399e-01	-3.23362589e-01	-5.66904917e-02	-1.21837407e-01	-1.11384705e-01	-9.74239931e-02	-1.81621119e-01	4.66020346e-01	
-4.06835198e-01	-7.06239641e-02	-4.02911603e-01	-3.08595031e-01	5.86517975e-02	-2.98989564e-01	4.17614244e-02	2.75985718e-01	-9.15717110e-02	-1.98276162e-01	1.52318969e-01	-1.72450587e-01	-1.09360635e-01	-1.54816180e-01	9.19982418e-02	-9.74620655e-02	-4.04451549e-01	-2.63168127e-03	-1.82891693e-02	-1.42693847e-01	-1.88774228e-01	-1.64792448e-01	-3.83113980e-01	-4.73261587e-02	-3.57700847e-02	-4.26654657e-03	3.51479381e-01	2.94886455e-02	1.20385304e-01	-1.56490192e-01	-2.43092235e-02	-8.42197984e-02	-1.33297279e-01	1.01787165e-01	2.47894213e-01	-3.41783434e-01	2.31457487e-01	-9.08136368e-02	1.44205615e-01	6.35617226e-02	-1.77638263e-01	1.05382958e-02	-1.72859088e-01	-1.58981368e-01	-1.34846464e-01	
3.37424308e-01	-4.87677544e-01	3.01056713e-01	1.91245824e-01	-2.18417998e-02	4.74968553e-01	-5.77408485e-02	5.25794804e-01	-9.36039388e-02	-9.14032012e-03	2.88045943e-01	2.53937811e-01	2.41817504e-01	-1.84040949e-01	7.25071654e-02	4.96765405e-01	3.69473428e-01	2.19326824e-01	6.20841980e-01	-7.92079806e-01	-2.70280868e-01	3.66736054e-01	4.93560344e-01	1.05965686e+00	6.24300763e-02	7.48693245e-03	-2.87079185e-01	-6.30706549e-01	2.64491737e-01	2.50010818e-01	-5.48730016e-01	1.28488600e-01	4.07402843e-01	2.83391029e-01	4.56817359e-01	3.22571248e-01	-2.92660668e-03	4.50606674e-01	1.26860321e+00	-6.73213080e-02	1.92517519e-01	8.59065950e-02	4.17603374e-01	2.03967974e-01	5.59518635e-01	
-3.10182534e-02	-2.27269903e-01	4.42563705e-02	-1.75643012e-01	6.82490170e-01	-2.19264477e-01	4.88411516e-01	7.75297761e-01	6.87831417e-02	-7.58718625e-02	1.35455698e-01	-8.02327767e-02	-1.43645898e-01	-6.88554883e-01	3.30920368e-01	3.46581638e-01	-1.32709192e-02	1.40950426e-01	4.79904920e-01	-2.97059417e-01	-3.39017898e-01	-2.21179977e-01	-4.52496886e-01	1.38425812e-01	4.22928017e-03	8.93726349e-02	2.50606418e-01	-2.79796243e-01	6.48737997e-02	-1.15033634e-01	-3.25515807e-01	-1.22580260e-01	-8.25370774e-02	2.81419605e-01	5.23523510e-01	-2.65534192e-01	2.77590573e-01	9.60223302e-02	2.28968412e-01	-1.07922152e-01	-3.06867480e-01	-1.77002270e-02	1.61255505e-02	-1.58134267e-01	1.78338379e-01	
1.83322161e-01	-4.85824376e-01	3.82913947e-01	1.53656632e-01	1.01411015e-01	1.32999018e-01	-4.94470820e-02	1.20573425e+00	1.52972981e-01	-1.22785181e-01	1.24423303e-01	3.51839736e-02	2.60435641e-01	-4.46177185e-01	1.13011725e-01	1.63687319e-01	2.84196854e-01	2.33952597e-01	5.83943367e-01	2.57315248e-01	-3.94752234e-01	1.05439365e-01	1.12478566e+00	9.17314589e-01	-5.54481288e-03	-1.62851915e-01	-1.18385509e-01	-1.22119971e-01	-2.87744626e-02	1.22189790e-01	-1.09951846e-01	-1.57384723e-01	3.99245918e-01	2.71733515e-02	1.12528026e+00	2.75568310e-02	1.09470856e+00	-7.82209188e-02	8.23655352e-02	-1.30876869e-01	1.72412992e-02	-8.53788778e-02	2.29805693e-01	5.79889156e-02	-3.81817147e-02	
2.07155854e-01	-5.81450239e-02	1.44284651e-01	-2.80294884e-02	-1.87826306e-01	2.21145347e-01	-6.18163705e-01	1.27062783e-01	1.71559647e-01	-8.82797614e-02	3.64095084e-02	9.59964544e-02	-4.66268510e-02	-2.02157781e-01	-9.55606252e-02	8.12008828e-02	-1.03054922e-02	-3.46569806e-01	-8.99313912e-02	-8.52569461e-01	4.87433970e-01	7.11496025e-02	-2.54655987e-01	-4.20407444e-01	5.34501858e-02	-5.07128052e-02	3.18182975e-01	-1.24081291e-01	2.58970529e-01	1.39169777e-02	-3.57636780e-01	1.85620829e-01	8.31492394e-02	-5.90370893e-02	-1.24952577e-01	-1.11861423e-01	-4.81905282e-01	2.75634110e-01	4.32947427e-01	-2.35209335e-02	1.28569871e-01	1.34251863e-02	2.42628865e-02	5.81750758e-02	2.59741724e-01	
2.47020349e-01	1.12608038e-01	1.41600803e-01	1.75135508e-01	-1.62551701e-01	2.90441632e-01	-4.02538836e-01	-1.68278202e-01	-1.17645808e-01	6.82620183e-02	2.60732435e-02	1.15662664e-02	1.22429859e-02	-1.06483944e-01	8.53774771e-02	5.76767214e-02	2.57892668e-01	-3.40409502e-02	-9.75158662e-02	3.30264196e-02	1.95115045e-01	2.54748821e-01	2.00334474e-01	-2.62262989e-02	7.40455911e-02	1.83282816e-03	-1.30923674e-01	-1.36828825e-01	-3.54295671e-02	2.90102780e-01	8.46961979e-03	1.55414000e-01	2.49277651e-01	-7.72891417e-02	-1.63882747e-02	3.45882356e-01	-4.83528338e-03	3.88092287e-02	-2.02556759e-01	5.11041805e-02	1.59343377e-01	2.24199638e-01	1.66219145e-01	1.44653678e-01	-4.15337123e-02	
-3.35841179e-01	6.03583939e-02	-2.55933732e-01	-2.80743450e-01	5.28133772e-02	-3.21028918e-01	1.04821265e-01	3.57765257e-02	-1.03396006e-01	-1.18794516e-01	2.60628518e-02	-2.05155104e-01	-2.21117333e-01	1.94946751e-01	9.42329094e-02	8.16942006e-03	-3.00993800e-01	1.18908606e-01	1.53181776e-02	2.27786705e-01	-1.32982165e-01	-9.38481241e-02	-2.96577811e-01	-6.03239238e-02	-1.14401899e-01	-2.64010336e-02	1.32238790e-01	2.89107800e-01	-2.10043803e-01	-2.70291746e-01	-1.76261999e-02	-2.92192519e-01	-1.93414524e-01	-3.83097939e-02	1.47074327e-01	-7.49435574e-02	2.18122900e-01	-2.20849305e-01	-1.88390270e-01	-1.04930885e-01	-2.08432716e-03	1.79700609e-02	-2.93303341e-01	-4.03850488e-02	-9.67562944e-02	
7.92366415e-02	2.66147614e-01	-1.57347396e-01	-1.24844156e-01	-4.32785451e-01	1.17772691e-01	-2.69590050e-01	-1.40981102e+00	1.72961935e-01	1.04393132e-01	-1.53911352e-01	-8.36583041e-03	9.47041214e-02	4.21728343e-01	-4.36603636e-01	-3.63917530e-01	-9.39244032e-02	-2.66182512e-01	-5.53700149e-01	3.02784115e-01	-3.34421247e-01	-5.19137755e-02	4.30189185e-02	1.59886792e-01	-1.25834689e-01	9.69067812e-02	-6.46826029e-01	1.30270705e-01	-2.70671636e-01	-1.57660738e-01	2.94535547e-01	2.90761739e-01	-1.53365389e-01	-3.05564344e-01	-9.46310878e-01	3.36439222e-01	-7.53165424e-01	-6.18725061e-01	-4.85604733e-01	3.92543040e-02	-8.25712457e-02	6.01209924e-02	-4.76476662e-02	-1.16284095e-01	-5.41118979e-02	
2.06933796e-01	2.12076887e-01	1.42734405e-02	2.07762405e-01	7.85548985e-01	1.71911016e-01	1.26532388e+00	-3.03041756e-01	3.59163284e-01	-7.76899233e-02	3.04681212e-01	1.34805247e-01	2.63800949e-01	-2.79448897e-01	-7.56674586e-03	4.52779680e-01	1.82092682e-01	3.28525543e-01	2.78520972e-01	-9.67673510e-02	-7.63974130e-01	1.21676750e-01	-6.76210746e-02	6.75488114e-01	1.19414508e-01	-2.82587390e-03	-5.27864397e-01	-4.40011233e-01	-1.01659290e-01	1.20990090e-01	-1.63952246e-01	3.96650553e-01	1.22551255e-01	4.66135621e-01	-4.66827512e-01	2.61604279e-01	-9.54457223e-02	8.06012973e-02	9.93493497e-01	1.17657766e-01	-1.46299824e-01	-2.81355157e-02	2.55002648e-01	7.20429942e-02	-5.90087250e-02	
-2.68383056e-01	-5.09462692e-02	-6.59776926e-02	-2.24496096e-01	1.52681500e-01	-3.11969101e-01	-1.05379030e-01	2.67298996e-01	-1.50111895e-02	-1.50175810e-01	1.36591882e-01	-1.46505192e-01	-1.89956784e-01	-1.44504219e-01	-2.54748184e-02	1.06256656e-01	-1.83350071e-01	8.73081908e-02	2.02816963e-01	-1.16886295e-01	-1.08547188e-01	-5.20061590e-02	-5.56210130e-02	2.11998448e-02	-2.29251869e-02	-3.08908392e-02	4.54798602e-02	-1.97381586e-01	2.36538295e-02	-3.00601155e-01	3.98073457e-02	-2.78012067e-01	-1.67054623e-01	8.15254822e-02	1.19647071e-01	-1.45783827e-01	3.00829470e-01	-1.52796790e-01	1.34043887e-01	7.91313127e-02	-8.76346081e-02	-4.26611193e-02	-1.30065262e-01	-7.81744868e-02	1.39732152e-01	
-2.91137069e-01	9.84880608e-03	-3.41627896e-01	-2.80177504e-01	1.72297210e-01	-2.18569875e-01	9.75709036e-02	2.41771638e-01	1.66617706e-01	-8.82653743e-02	4.71205451e-03	-2.48007886e-02	-1.00057758e-01	6.73089400e-02	-2.03942075e-01	1.70713440e-01	-2.85425991e-01	1.31229892e-01	-2.41545239e-03	1.58233959e-02	-2.54165590e-01	-3.05236548e-01	-1.11955665e-01	-1.80761859e-01	4.90326919e-02	1.74591020e-01	1.46263540e-01	1.30413190e-01	2.43634675e-02	-2.21296951e-01	-8.24222565e-02	-3.84994417e-01	-2.44232953e-01	-1.93063617e-02	2.48012468e-01	-2.31682613e-01	3.72480124e-01	6.30768761e-02	2.46910468e-01	-2.59451233e-02	-1.83029175e-01	-1.02938108e-01	-9.57634822e-02	-2.23073184e-01	1.37449801e-01	
3.03679854e-02	7.76288807e-01	4.59619351e-02	-1.21304682e-02	-1.07767892e+00	1.42683432e-01	-9.77360010e-01	-3.51460278e-01	-3.23957354e-02	2.92165250e-01	-2.49500498e-01	-1.51848430e-02	1.43385101e-02	1.06882703e+00	-6.22553945e-01	-7.94932246e-01	1.38215810e-01	-7.23375380e-01	-9.01447058e-01	1.24017373e-01	4.47950453e-01	9.15947333e-02	8.24653149e-01	-4.85773504e-01	-9.84761789e-02	3.12795430e-01	-2.49001402e-02	2.40077302e-01	-4.70783174e-01	1.19235732e-01	5.33759296e-01	-2.68612921e-01	1.28063619e-01	-6.67109907e-01	-4.87302870e-01	3.75636935e-01	-2.97649682e-01	2.30087653e-01	-1.19180667e+00	1.22965924e-01	6.16269931e-02	-1.43230245e-01	2.57664360e-02	-1.60513576e-02	-3.56486768e-01	
2.91154534e-01	-1.06788449e-01	3.44992906e-01	2.78778791e-01	3.19438018e-02	4.17196810e-01	-4.16299492e-01	-2.94559598e-01	2.97054946e-01	-2.46356264e-01	-4.97102588e-02	-2.37371162e-01	-2.78433591e-01	-6.69016242e-02	-2.58187860e-01	-2.12041885e-01	2.57525504e-01	-1.80780813e-01	-1.03880189e-01	-2.07606807e-01	-7.59047568e-02	3.15726012e-01	-7.47378528e-01	3.00323945e-02	-3.23361874e-01	5.72756492e-02	-3.91015783e-02	-2.60918159e-02	-1.92982718e-01	3.86268109e-01	-1.98406711e-01	-1.23856522e-01	3.95950884e-01	-2.10905835e-01	-3.15931439e-01	-2.28784829e-01	-3.87177825e-01	-7.23480210e-02	1.60233811e-01	-1.36894390e-01	-3.24119866e-01	-2.28246108e-01	2.14645296e-01	-3.45777988e-01	1.57623753e-01	
1.72141030e-01	4.70030695e-01	7.82821476e-02	3.87782231e-02	2.72810668e-01	1.07809417e-01	4.01829690e-01	9.32726040e-02	7.68046156e-02	-1.26817331e-01	6.16731271e-02	1.99490204e-01	-2.16836601e-01	3.80478591e-01	-2.36978740e-01	-3.40631790e-02	-2.01067626e-02	1.39418691e-01	4.92274500e-02	-7.83078894e-02	2.74456739e-01	-7.14921951e-02	-5.18901765e-01	3.74538869e-01	1.19429097e-01	5.53683043e-01	4.83710505e-02	6.10622942e-01	3.07747945e-02	1.57113791e-01	2.48729929e-01	4.20898944e-03	-3.69027108e-02	-1.50768444e-01	-1.15263261e-01	1.86697096e-02	-9.53996241e-01	4.77887303e-01	-3.88536751e-02	3.11805934e-01	1.08406998e-01	2.12075245e-02	4.18925844e-02	5.26284985e-02	3.38460863e-01	
1.21406078e-01	-1.71027347e-01	1.01704724e-01	1.99873134e-01	-1.55843049e-01	4.13072295e-02	-1.92822799e-01	-9.16684568e-01	3.41330290e-01	-7.46241361e-02	-1.43897489e-01	1.08137444e-01	4.93503623e-02	-7.88409591e-01	9.67649743e-02	-2.01513648e-01	1.43022686e-02	-1.32080287e-01	-2.01139331e-01	2.22750247e-01	2.18626987e-02	-7.71532506e-02	1.73984438e-01	-3.34175110e-01	-4.99228053e-02	-3.70720178e-01	9.70934182e-02	-2.55621731e-01	-3.39750469e-01	2.70164758e-02	6.24203980e-02	2.46638313e-01	1.97036296e-01	2.50667155e-01	-3.87435496e-01	-4.23135757e-02	-1.27130821e-01	-5.33589602e-01	-3.10992032e-01	-7.95112252e-02	-1.59474332e-02	-7.04362616e-02	1.38566881e-01	-1.62054688e-01	-6.92533135e-01	
3.63700867e-01	-2.25484427e-02	3.63814324e-01	1.55667663e-01	8.85860324e-02	3.06030571e-01	1.63020775e-01	-1.09331362e-01	1.11517571e-01	6.21240214e-02	9.03360397e-02	2.00095296e-01	5.58788143e-02	4.71420437e-02	-1.22582540e-03	3.50969918e-02	2.02995956e-01	2.80025005e-01	9.46941003e-02	4.35744748e-02	-1.39923334e-01	3.69277984e-01	1.56033486e-01	5.16860485e-01	8.98545310e-02	1.60778046e-01	-4.04584438e-01	-1.92321874e-02	-7.29254261e-02	1.56749889e-01	-1.00510813e-01	2.40619063e-01	1.43462151e-01	2.15598922e-02	-1.55265614e-01	3.21084529e-01	-2.65049696e-01	8.14558044e-02	1.40528306e-01	1.35392165e-02	7.95488879e-02	1.88193455e-01	2.94755578e-01	1.64461270e-01	7.79706985e-02	
-4.20156807e-01	7.78685629e-01	-2.24181429e-01	-3.86172622e-01	4.19893488e-02	-3.52847606e-01	-1.51604444e-01	-4.77383256e-01	4.96182054e-01	-9.38963220e-02	-3.35458875e-01	-1.29179150e-01	-2.22429633e-01	7.90034592e-01	-7.57306993e-01	-1.43117338e-01	-3.44807208e-01	-1.60408035e-01	-3.03189635e-01	6.18342400e-01	-1.68666571e-01	-4.59654897e-01	-9.25847828e-01	-6.91265047e-01	-5.94199076e-02	3.94036800e-01	-3.83913517e-02	7.01738238e-01	-3.15842301e-01	-4.09279615e-01	6.20968640e-01	-1.08602270e-01	-4.30958897e-01	-4.35444355e-01	-5.74204206e-01	9.23035443e-02	-4.27453756e-01	-6.09735727e-01	-9.70307887e-01	5.35856821e-02	-3.09810132e-01	-1.43636182e-01	-3.79372299e-01	-4.36412990e-02	-2.43982494e-01	
1.10371886e-02	-2.79984057e-01	1.21995389e-01	1.54975802e-01	1.62087977e-02	2.02615529e-01	-1.54923201e-01	4.17978838e-02	-4.21236567e-02	-2.03590974e-01	3.36858928e-02	1.63311169e-01	1.41166702e-01	-1.61795124e-01	-1.66608300e-03	1.26429081e-01	1.65356711e-01	1.05955303e-01	-1.24625318e-01	3.57516222e-02	-3.73013407e-01	1.35161906e-01	1.16761930e-01	-1.32844001e-01	9.18620899e-02	-1.91965893e-01	7.04117641e-02	-9.30184722e-02	-1.65836737e-01	4.76527177e-02	-3.02981026e-03	1.11656450e-01	4.11866121e-02	1.40016198e-01	5.45024127e-02	2.36931834e-02	9.19023603e-02	6.78379312e-02	4.87031043e-02	-8.25911239e-02	-1.35105317e-02	4.09231000e-02	1.62476152e-01	1.01240903e-01	-1.16141409e-01	
1.66518748e-01	-1.63285911e-01	9.41022560e-02	1.59436092e-01	-8.99283290e-02	2.23911226e-01	-3.24180216e-01	-2.87228227e-01	-4.28007431e-02	1.43842353e-02	-1.15347669e-01	2.01619849e-01	1.84294119e-01	5.63102029e-03	-1.94618925e-01	-4.02167626e-03	9.18201953e-02	1.15287051e-01	7.14848936e-03	1.69156924e-01	-4.55748439e-02	7.02012554e-02	9.41099599e-02	-2.31678978e-01	8.44619349e-02	-4.32193093e-02	4.47556227e-02	-1.33529827e-02	4.19399962e-02	1.47562042e-01	-3.92803326e-02	7.82999247e-02	7.15231523e-02	-1.07492082e-01	3.34259868e-02	1.62727460e-01	-1.79390877e-01	-1.59267411e-01	-1.51032329e-01	6.42935559e-02	-7.19726384e-02	4.23352644e-02	4.93551716e-02	2.08782822e-01	5.65505587e-02	
-7.94107765e-02	1.44920364e-01	-1.78963795e-01	-2.65802443e-01	1.00527354e-01	1.42860701e-02	-2.80447632e-01	8.23254764e-01	4.49655652e-02	3.56714688e-02	2.61660255e-02	-7.58735165e-02	-2.10572004e-01	-8.18447024e-02	-6.35219365e-02	1.33625835e-01	-5.88434152e-02	-3.70211378e-02	1.98050216e-01	-1.30470574e-01	7.77646750e-02	-1.80296689e-01	-1.55950328e-02	-1.60456970e-01	7.74565479e-03	2.27212161e-01	2.14898974e-01	-1.92700610e-01	-5.38820103e-02	-9.07725394e-02	-1.13930680e-01	-2.03468949e-01	-1.48769066e-01	4.26443517e-02	4.47872669e-01	-3.56574386e-01	5.11879146e-01	-1.23416409e-01	-6.24163449e-02	5.21494821e-02	2.59798509e-03	-1.63653538e-01	-1.07854143e-01	2.55384226e-03	2.25035078e-03	
-3.01471680e-01	-1.99236929e-01	-1.14710219e-01	-2.15813205e-01	1.44649118e-01	-3.25472027e-01	1.87213812e-02	6.59318447e-01	7.41805658e-02	-1.29355565e-01	-2.13376759e-03	-1.14835441e-01	-2.28568584e-01	-3.96725506e-01	9.71821025e-02	2.61144161e-01	-3.08592647e-01	1.71079412e-01	5.10889649e-01	-2.61181474e-01	2.50184517e-02	-3.37651163e-01	-4.73197043e-01	-7.26089925e-02	6.00577705e-02	-6.66476861e-02	4.80530888e-01	-7.38440380e-02	9.60245281e-02	-2.57197231e-01	-1.83389857e-01	-2.20792904e-01	-1.89337701e-01	1.08035885e-01	5.28891146e-01	-3.49275827e-01	1.96196109e-01	5.06972820e-02	3.10722589e-01	7.37227127e-02	2.20703725e-02	-1.60526142e-01	-1.00368954e-01	-2.17708051e-01	1.13633968e-01	
-8.88218060e-02	-4.65853810e-01	-6.36666119e-02	2.92908226e-04	3.94110620e-01	-9.06336457e-02	1.13694198e-01	1.30839145e+00	8.54573846e-02	-2.89233744e-01	1.09833315e-01	-2.02457383e-01	8.45893845e-03	-9.50777590e-01	1.53938547e-01	5.93686879e-01	-1.47868574e-01	-9.92646143e-02	6.32787526e-01	-5.10346770e-01	1.40448511e-01	-1.34749725e-01	-1.18250646e-01	-1.04863353e-01	1.70226768e-01	2.00361162e-01	5.85374415e-01	-6.69651389e-01	1.70697272e-01	-2.20715314e-01	-4.78054047e-01	-1.76207751e-01	-8.65859389e-02	4.85696077e-01	1.27831697e+00	-4.49128687e-01	5.93010783e-01	1.54695868e-01	5.26838899e-01	1.18161157e-01	2.67514810e-02	-2.58790433e-01	-2.40763962e-01	-1.50145113e-01	1.04377672e-01	
-2.61713356e-01	4.47096638e-02	-1.48162186e-01	-2.60424256e-01	1.24814078e-01	-2.64821768e-01	-2.19963212e-03	1.16470948e-01	2.82610416e-01	-2.01769099e-01	9.18409135e-03	1.59672170e-04	-9.89425331e-02	1.93712756e-01	-8.88167992e-02	8.42564628e-02	-1.48363680e-01	2.81587273e-01	-1.02830589e-01	1.60415381e-01	-3.42494994e-01	-3.37768734e-01	-1.95213020e-01	-1.97414622e-01	9.03194100e-02	-1.68789878e-01	3.07429940e-01	3.09373051e-01	-6.25365749e-02	-1.52808189e-01	2.39517659e-01	-3.55202258e-01	-1.63600013e-01	1.22553989e-01	3.61260884e-02	-1.29652485e-01	4.77786690e-01	-1.91236794e-01	-2.76638925e-01	-8.14547688e-02	-2.10733056e-01	-1.44550934e-01	-1.83616906e-01	-1.97665006e-01	-9.78045166e-02	
1.12194762e-01	-8.43171030e-02	2.58085877e-01	1.29409414e-02	-2.11022854e-01	2.43127748e-01	-6.45110250e-01	4.21983182e-01	8.60992149e-02	7.28930756e-02	-3.01554427e-02	1.65446684e-01	3.82163703e-01	1.29607111e-01	-2.22027451e-01	5.91697916e-02	7.03281611e-02	2.13849861e-02	2.23083030e-02	-9.15231407e-02	-6.81071058e-02	1.71912849e-01	6.32821918e-01	3.24812621e-01	-5.75372465e-02	6.80463314e-02	-1.33101707e-02	1.34019088e-02	1.08481601e-01	3.25855501e-02	4.83840182e-02	-1.77824855e-01	1.17630579e-01	4.36689034e-02	2.95704246e-01	1.31916970e-01	6.84565961e-01	2.86303699e-01	2.27934662e-02	2.16363311e-01	1.42919660e-01	-5.10439426e-02	1.76027685e-01	-7.87360501e-03	1.75179407e-01	
3.17330360e-01	6.22191429e-02	7.60163963e-02	1.23919718e-01	2.74718463e-01	1.84749097e-01	5.21161616e-01	-5.60281575e-01	2.32110023e-01	-7.04762861e-02	3.90117355e-02	1.32089511e-01	1.53227389e-01	1.85340121e-01	6.24535903e-02	6.33239523e-02	3.08150917e-01	3.95983309e-01	8.88589248e-02	3.31898272e-01	-4.54703569e-01	6.82418793e-02	7.62740597e-02	6.68072701e-01	4.97150943e-02	1.68901727e-01	-5.72680771e-01	1.70475885e-01	9.36234221e-02	1.56536713e-01	2.82090038e-01	2.55851835e-01	2.25294665e-01	1.02015110e-02	-4.26612616e-01	2.55263835e-01	-2.52647549e-01	-5.25163161e-03	-3.71413976e-01	-4.35600244e-02	1.40737534e-01	1.57923102e-01	3.63603421e-02	-1.87619142e-02	-1.19005308e-01	
1.10817470e-01	-1.16021652e-03	-1.99664116e-01	4.88029905e-02	-2.36119911e-01	-1.63809776e-01	-7.06218854e-02	-2.38819215e-02	1.20661087e-01	-1.33107945e-01	-9.11782458e-02	-2.58628204e-02	-1.03669934e-01	1.09097455e-02	9.20224655e-03	-1.84903458e-01	-6.21672906e-03	-1.27937049e-01	2.95355413e-02	-1.49709791e-01	8.19971561e-02	-1.24149278e-01	1.65869907e-01	1.06424019e-01	8.84215906e-02	-1.89069256e-01	-5.08495495e-02	-9.50178057e-02	2.07976744e-01	2.81032532e-01	
-2.02845335e-01	-2.50522375e-01	-1.89390451e-01	-2.51689017e-01	-4.02226970e-02	1.45622805e-01	-4.58498150e-02	-2.99252868e-02	-2.26328261e-02	3.96005452e-01	1.52491421e-01	4.24859114e-02	-1.28097087e-01	3.45965624e-01	1.08708382e-01	1.61408111e-02	-1.59068123e-01	-7.25884661e-02	-2.33211413e-01	-2.36878604e-01	1.90444753e-01	-4.69196290e-02	6.77086785e-02	5.59888557e-02	-1.16621114e-01	-3.07217181e-01	-1.06473178e-01	-4.44048405e-01	-7.75811821e-02	-6.64498061e-02	
-4.44873869e-01	-2.66881108e-01	2.96143025e-01	2.40737960e-01	1.68370023e-01	-5.16399682e-01	8.27273190e-01	-4.41777349e-01	8.25330079e-01	2.97326535e-01	5.82020402e-01	-6.94964409e-01	-7.65633047e-01	2.57967740e-01	-4.26402122e-01	-6.52373731e-01	-3.45208868e-02	1.58246338e-01	1.15157202e-01	1.01082996e-01	7.07608998e-01	-1.77959156e+00	1.09438851e-01	-1.08327884e-02	-2.32667133e-01	-6.85368717e-01	-3.68137091e-01	-6.94256306e-01	7.32461512e-02	1.14714555e-01	
-2.45602936e-01	-3.80291313e-01	1.38004676e-01	8.80655646e-02	1.00381605e-01	-3.09031814e-01	1.84259176e-01	-4.48825546e-02	-6.01023912e-01	7.75014013e-02	2.64749616e-01	-5.08700684e-02	-1.61640458e-02	1.74083725e-01	-5.75104475e-01	-5.50907552e-01	-7.97032639e-02	-5.67614101e-02	7.40870684e-02	1.87287226e-01	2.74176598e-01	1.27472445e-01	8.31501000e-03	2.84455955e-01	-6.31901085e-01	-3.18986386e-01	-1.02639782e+00	-4.47711855e-01	-1.79228023e-01	3.31911951e-01	
-5.80405146e-02	2.11889431e-01	-3.97272632e-02	1.94668859e-01	-2.28596881e-01	-2.19891682e-01	2.06775635e-01	-1.88784033e-01	-3.12626809e-01	7.34652877e-01	1.65310636e-01	-1.59393832e-01	-2.39792868e-01	-3.43910545e-01	7.84650072e-03	-4.62675057e-02	1.55068696e-01	5.31287454e-02	4.46898788e-02	1.18356116e-01	1.18797675e-01	-3.77092421e-01	-1.15791522e-01	3.11897963e-01	-8.14704970e-02	1.26606286e-01	1.56313121e-01	1.18605383e-01	1.01502746e-01	-1.29094213e-01	
-3.30152339e-03	-9.32457447e-02	-1.14465401e-01	-3.72962281e-02	3.44088405e-01	6.58082366e-02	1.40347714e-02	2.17415243e-01	2.75428612e-02	1.59423470e-01	-4.48482931e-01	1.91572849e-02	-1.52690679e-01	3.03769205e-02	1.86318621e-01	-4.25633006e-02	2.16471907e-02	-5.48912920e-02	1.21584110e-01	1.36499003e-01	-3.35234761e-01	-1.20886955e-02	-1.30597532e-01	-2.01686069e-01	1.18173383e-01	1.26397029e-01	1.39910966e-01	1.58326924e-01	-2.18095388e-02	-3.86321336e-01	
-1.58268228e-01	4.47357558e-02	-1.29602283e-01	-1.76367417e-01	1.07859030e-01	1.59998834e-01	-3.54901433e-01	1.82168514e-01	-1.57470644e-01	-9.76424143e-02	-4.60996389e-01	2.19555125e-01	-4.31750640e-02	-2.87881583e-01	1.16479427e-01	2.53087077e-02	9.69783142e-02	-7.09174648e-02	-2.00973883e-01	-1.23287305e-01	-5.74563384e-01	1.77762344e-01	-3.42403352e-01	-3.54565620e-01	-8.34237132e-03	3.07907790e-01	1.28762752e-01	1.62759990e-01	-3.11362948e-02	-5.38213015e-01	
-7.54808664e-01	-5.49702048e-01	-2.45934930e-02	-5.43344095e-02	-1.29028887e-01	-5.17971814e-01	2.75222778e-01	-2.96296030e-01	6.61460102e-01	5.56058660e-02	3.95880044e-01	-3.20791215e-01	-1.90769732e-01	8.85762095e-01	-3.81965339e-01	-3.32379729e-01	1.12195954e-01	-2.06270926e-02	-1.16445430e-01	9.71245244e-02	4.85996276e-01	-2.62035847e-01	-1.35927096e-01	1.22228555e-01	-1.21108413e-01	-6.32675409e-01	-1.73018739e-01	-4.29296285e-01	3.41897666e-01	3.94105554e-01	
-4.23620105e-01	-6.15359962e-01	5.75728901e-02	3.62540372e-02	-9.94786471e-02	-3.63135606e-01	3.68828565e-01	-3.25821161e-01	-1.87982157e-01	-1.77306384e-01	1.33292988e-01	-2.39445623e-02	-5.72441816e-02	2.91757911e-01	-3.13676536e-01	-5.22485375e-01	-2.29401797e-01	3.97596844e-02	3.44532073e-01	3.67765158e-01	4.13762629e-01	-2.61998586e-02	6.89944327e-02	6.91217631e-02	-3.01099271e-01	-4.35470223e-01	-7.92539716e-01	-3.03098619e-01	-5.93622141e-02	2.79570222e-01	
1.67355150e-01	-7.47303143e-02	1.93035886e-01	-9.14728343e-02	1.67783946e-01	6.19358616e-03	-3.01885866e-02	-1.51666328e-01	-1.89573348e-01	2.71672048e-02	1.73745558e-01	2.25202262e-01	1.22824507e-02	-8.37365165e-02	-1.23814009e-01	-1.35777434e-02	-7.59648755e-02	8.36123228e-02	-2.28526086e-01	4.00081240e-02	1.47446334e-01	1.65466011e-01	-5.34034520e-02	1.66054174e-01	7.95742124e-02	-7.65256882e-02	5.77265099e-02	1.82145581e-01	-1.54367834e-01	-2.83965379e-01	
-1.74242496e-01	-6.91736042e-02	-4.37587760e-02	7.78162628e-02	-1.07734241e-01	-9.44495946e-02	2.43291602e-01	-1.79958016e-01	-1.05466031e-01	-1.58058912e-01	-2.18971044e-01	-1.81326210e-01	2.51397729e-01	6.94673732e-02	1.40143096e-01	-7.77125582e-02	-5.70062697e-01	-2.47819396e-03	2.50282343e-02	-8.36533532e-02	-1.38532460e-01	-4.08524781e-01	-7.61958137e-02	-8.00133348e-02	-1.61050260e-01	-9.76223573e-02	-1.52885526e-01	-3.55309397e-01	1.42638147e-01	1.00792974e-01	
-2.48021737e-01	-1.06577384e+00	1.21573739e-01	1.40609294e-01	2.70474136e-01	-5.44487715e-01	7.71160007e-01	-1.66038409e-01	-3.21347415e-01	1.69336021e-01	6.40131831e-01	-7.44923949e-01	5.11151887e-02	4.66827333e-01	-6.47212565e-01	-8.70013297e-01	-1.51905552e-01	3.56845617e-01	2.27390096e-01	3.88440251e-01	8.54025304e-01	-3.50637764e-01	4.78718095e-02	1.86423570e-01	-1.05221689e+00	-3.14851671e-01	-8.44160259e-01	-5.73677540e-01	5.80533184e-02	7.67845869e-01	
-4.30990815e-01	-9.28673387e-01	2.62152553e-01	2.84648150e-01	4.01769561e-04	-4.95376259e-01	1.28449786e+00	-8.94188434e-02	2.97472984e-01	1.13965057e-01	6.14850879e-01	-8.74148726e-01	-1.75020859e-01	8.86265695e-01	-4.58004415e-01	-5.44478953e-01	-3.74575049e-01	2.72300899e-01	4.02670771e-01	2.21818104e-01	8.94020200e-01	-6.22764647e-01	1.92955822e-01	9.74776968e-02	-9.59050804e-02	-2.58990765e-01	-2.77635574e-01	-9.58811939e-01	3.46850336e-01	2.50570863e-01	
-7.98447616e-03	-3.15216966e-02	-1.23151250e-01	-4.48719673e-02	-3.31476480e-01	-3.16468030e-01	-4.35787439e-01	-4.75392848e-01	1.15390152e-01	3.17157917e-02	-7.61355758e-02	9.95894745e-02	-1.50817454e-01	1.37988618e-02	-2.05808625e-01	-2.63308555e-01	-3.97036523e-02	-7.00234845e-02	-6.34971112e-02	-1.55705959e-01	3.73161510e-02	5.98635040e-02	2.23743562e-02	4.97234650e-02	-1.02794155e-01	-3.44354898e-01	-2.20817462e-01	2.37506032e-01	1.78340659e-01	5.55288196e-02	
-8.14947486e-02	9.05671716e-02	4.52748649e-02	5.56253418e-02	7.79836103e-02	3.56462016e-03	-4.65303734e-02	3.54267687e-01	4.57238078e-01	1.31703764e-01	6.47872835e-02	1.83552667e-01	3.44213217e-01	7.26085305e-02	2.10095897e-01	2.07535729e-01	4.91810024e-01	4.85666767e-02	-1.22770123e-01	6.89332783e-02	-7.85260424e-02	6.60557225e-02	-2.64437586e-01	-1.79274723e-01	8.62286314e-02	1.45288244e-01	4.88324761e-02	-1.25292569e-01	-1.36026025e-01	1.33672103e-01	
-7.18608081e-01	-5.63693821e-01	1.03983611e-01	1.45797491e-01	1.60498396e-01	-4.47591275e-01	7.95381784e-01	-4.75230306e-01	7.10054338e-01	5.18635035e-01	5.75842023e-01	-5.62587738e-01	-3.34640503e-01	3.46376061e-01	-3.73828799e-01	-5.52220345e-01	-9.92572755e-02	1.60457894e-01	6.51793629e-02	3.07961367e-02	4.38481122e-01	-3.57331276e-01	5.50814010e-02	1.69280410e-01	-2.90409654e-01	-7.81609118e-01	-3.77651811e-01	-7.20890343e-01	4.08933431e-01	2.92295247e-01	
-1.37865633e-01	6.38340190e-02	8.92751515e-02	1.29762009e-01	-8.20691362e-02	-2.04063859e-02	3.80900055e-02	-2.49033689e-01	-1.24746390e-01	-7.15449974e-02	3.18319470e-01	-1.59141690e-01	1.43121049e-01	1.62251562e-01	-1.45850062e-01	-2.87430793e-01	2.68470138e-01	-1.10595271e-01	9.58168060e-02	7.78741902e-03	-5.81399836e-02	-1.46148309e-01	1.35178134e-01	1.30730048e-01	-3.07676643e-01	-4.01846886e-01	-1.45790949e-01	-7.83065781e-02	-9.69964862e-02	-1.43290117e-01	
4.85878587e-02	1.74983926e-02	-6.49731681e-02	-4.29706313e-02	2.12472811e-01	-2.23724306e-01	1.94022670e-01	-1.76393479e-01	2.61811912e-01	-1.41146794e-01	-1.53445890e-02	5.05443923e-02	-1.28320083e-01	1.14134669e-01	-2.71414667e-01	-1.52655870e-01	2.00487748e-01	7.27448314e-02	1.49656877e-01	-1.86791778e-01	1.51190922e-01	1.92637384e-01	-1.63904596e-02	1.12084508e-01	-1.61127433e-01	-1.30444869e-01	-3.13403793e-02	-6.80692047e-02	2.34551623e-01	1.54641941e-01	
5.42184189e-02	1.26608834e-01	3.96207236e-02	1.04298890e-01	-1.36637136e-01	-3.15391049e-02	9.71281901e-02	1.34860560e-01	-1.27245143e-01	4.10146005e-02	1.09952256e-01	-1.24857612e-01	8.76590535e-02	-2.39676893e-01	1.95226055e-02	7.69610703e-02	3.33183438e-01	2.74953216e-01	-1.32417411e-01	9.23163220e-02	8.59091431e-02	-2.81694561e-01	-1.22878194e-01	-1.61990106e-01	8.65321904e-02	1.00567654e-01	4.71889302e-02	1.68146104e-01	3.05478454e-01	-2.81766087e-01	
-1.19005881e-01	8.06617960e-02	1.47937000e-01	6.09741211e-02	4.16475296e-01	-2.32619077e-01	-6.62199035e-02	1.29537612e-01	2.71358460e-01	1.62120368e-02	-2.06109360e-01	-3.04881670e-02	5.44925816e-02	1.32606337e-02	-2.31992036e-01	-9.87252742e-02	-1.28913507e-01	-2.44303737e-02	-5.17995179e-01	9.91837457e-02	-2.38765746e-01	-5.56203067e-01	2.96289362e-02	-1.07197300e-01	-6.35675490e-02	-1.22942463e-01	-1.76538676e-01	-1.07078142e-02	1.56060830e-01	-3.37710947e-01	
-2.99422145e-02	-4.55025397e-02	-1.39156431e-01	-2.70115528e-02	1.06809668e-01	6.78874031e-02	1.37047619e-01	-1.56879857e-01	-1.34666264e-01	-1.38570845e-01	6.71319524e-03	9.62721333e-02	1.45103529e-01	-5.93028255e-02	1.64961666e-01	1.18029028e-01	4.66518551e-02	-6.87530711e-02	-2.24002991e-02	2.00940599e-03	-2.86397487e-01	-1.18747324e-01	-4.92126383e-02	-2.45967865e-01	1.19177796e-01	-1.25884801e-01	-1.37957232e-02	-6.06114492e-02	-8.63012969e-02	1.27334610e-01	
-3.61238196e-02	1.35632172e-01	4.27621009e-04	1.24186628e-01	-1.76130831e-01	1.65152252e-01	-2.76309662e-02	1.10035010e-01	-4.82159480e-02	6.42212927e-02	1.26762077e-01	-3.05556078e-02	-4.86417254e-03	-4.03971486e-02	-1.92148045e-01	-2.35604271e-01	-5.80747463e-02	1.12402141e-01	4.57908660e-02	-1.36642158e-01	-5.95727041e-02	5.70114478e-02	1.17799491e-01	1.33475304e-01	-1.38489217e-01	-1.62082851e-01	1.61390349e-01	2.42896855e-01	8.01256895e-02	3.49842459e-02	
-2.12482095e-01	-4.82542336e-01	1.66778579e-01	-1.14674643e-01	1.35511398e-01	-2.18082428e-01	-2.06521615e-01	-1.05892859e-01	4.19040561e-01	-2.27465570e-01	2.81956583e-01	-3.01142365e-01	1.62928209e-01	5.10264993e-01	-4.31517921e-02	-5.33207916e-02	-7.39635006e-02	6.68867007e-02	-6.65330440e-02	1.79342821e-01	4.98340786e-01	-1.66202351e-01	-2.18400210e-01	-1.43619552e-01	-8.31860974e-02	-3.00692655e-02	-3.77716497e-02	-2.08056301e-01	1.24314144e-01	4.93555397e-01	
-3.07867080e-01	-1.02117443e+00	7.00483322e-02	1.10664599e-01	1.52599551e-02	-6.76283181e-01	7.11579382e-01	6.97089583e-02	4.60323602e-01	4.33846205e-01	7.95680940e-01	-9.30974066e-01	2.69285411e-01	3.58451694e-01	-5.25269508e-01	-4.58375037e-01	9.79874004e-03	2.48474747e-01	3.62033844e-01	4.82968539e-01	6.99301958e-01	-3.93608361e-01	4.25146660e-03	8.38636011e-02	-5.29837132e-01	-2.49058709e-01	-2.05863357e-01	-7.14368820e-01	1.39753744e-01	4.77420479e-01	
-2.28731483e-02	-1.68166965e-01	-6.68012351e-02	1.53015092e-01	-1.17767617e-01	9.30411145e-02	1.15229622e-01	-8.02813843e-02	3.64929363e-02	-5.91246933e-02	-7.38577098e-02	4.34626751e-02	8.94060805e-02	-3.46057415e-02	2.80219227e-01	1.83887765e-01	1.79169495e-02	-1.05231278e-01	7.26203620e-03	1.05936810e-01	-2.37722397e-01	-3.23555283e-02	-2.80154169e-01	-1.36251613e-01	1.37236625e-01	-1.02410816e-01	-5.75613193e-02	-1.86315075e-01	6.15368448e-02	-2.87149716e-02	
-2.07461491e-01	-1.31701529e-01	-9.10552666e-02	9.83688235e-02	1.27079226e-02	-1.32403970e-01	-6.03062250e-02	2.65764743e-02	4.50646311e-01	4.93193045e-02	1.88875258e-01	-9.09467414e-02	-7.01017082e-02	1.16889581e-01	1.36908829e-01	3.77448142e-01	1.52921468e-01	-3.75940204e-02	7.24568777e-03	2.53170095e-02	1.15728825e-01	3.06301937e-02	-1.42651722e-01	-2.86051840e-01	8.42044223e-03	
-1.64280832e-01	7.06038848e-02	-5.20468116e-01	3.66616726e-01	-1.52981117e-01	1.51836783e-01	1.98356777e-01	-4.85389769e-01	-7.78548280e-03	4.26264703e-02	1.40807591e-02	4.88116056e-01	3.68425906e-01	-3.62039745e-01	-1.46931499e-01	-4.04509246e-01	-1.73637465e-01	3.74632515e-02	-9.33030993e-02	1.41792119e-01	-1.24104537e-01	2.14927047e-02	-5.58330864e-02	3.58485878e-01	-2.60227453e-02	
-6.44792497e-01	
4.28812683e-01	
-6.37960970e-01	
-6.40383184e-01	
3.33643556e-01	
-2.60455906e-01	
-9.50732604e-02	
4.65970367e-01	
4.39975739e-01	
-3.43765646e-01	
-7.68556356e-01	
-4.47319955e-01	
-4.46117461e-01	
1.19035706e-01	
-1.90000832e-01	
2.84742326e-01	
-3.72991562e-01	
1.77762374e-01	
2.00813189e-01	
5.09451747e-01	
6.23868525e-01	
-2.92119145e-01	
-5.59209704e-01	
-7.76941299e-01	
-2.49020308e-01	
1.61522329e-01	
6.93312407e-01	
7.42861748e-01	
-2.32132480e-01	
-2.88885772e-01	
2.08537474e-01	
-5.52020729e-01	
-4.48931903e-01	
2.48575453e-02	
2.06958964e-01	
-3.26951325e-01	
2.97356099e-01	
-3.07573318e-01	
-9.42588210e-01	
-1.09506026e-01	
-4.34188098e-01	
-4.31312203e-01	
-2.77140200e-01	
-6.15981638e-01	
-3.48626524e-01	
4.96363431e-01	
3.39319408e-01	
-2.03585356e-01	
-1.15782365e-01	
1.64709732e-01	
3.39402467e-01	
-4.14088041e-01	
-5.59208496e-03	
-2.51951158e-01	
-8.88987072e-03	
-1.88421085e-01	
9.69943702e-02	
4.07881215e-02	
-1.60513550e-01	
3.51978578e-02	
1.41783968e-01	
-1.53262466e-01	
-3.41355622e-01	
-1.96565434e-01	
2.83184787e-03	
-3.41357410e-01	
1.97855905e-01	
2.41268277e-02	
-2.08506018e-01	
2.86488589e-02	
8.11672732e-02	
1.07512198e-01	
3.72758836e-01	
-1.15854882e-01	
-3.08648378e-01	
-2.86600888e-02	
-4.96107712e-02	
-2.96774715e-01	
-2.49328956e-01	
-1.30082920e-01	
6.57598898e-02	
5.07686334e-03	
-1.46624580e-01	
-2.04366669e-01	
9.75270662e-03	
1.55277118e-01	
-1.22627556e-01	
-1.82395995e-01	
-8.05527046e-02	
3.88239659e-02	
9.78565440e-02	
-1.14514930e-02	
-3.92357595e-02	
-1.27534509e-01	
-1.79896444e-01	
-1.47682009e-02	
-1.26174957e-01	
-1.32139474e-01	
-2.41304025e-01	
3.24240550e-02	
-8.76843929e-02	
8.40873271e-02	
