5.30909419e-01	7.13814616e-01	
-4.08272773e-01	2.28994220e-01	
5.28917313e-01	5.06214023e-01	
3.17271173e-01	-6.90940559e-01	
-1.86725575e-02	-4.55361754e-01	
-5.90281725e-01	4.84697014e-01	
2.83237517e-01	-3.99275959e-01	
1.56984538e-01	8.09877813e-02	
-1.54765114e-01	8.69345307e-01	
4.04048502e-01	-2.45426655e-01	
5.35636187e-01	8.22268426e-01	
1.89269692e-01	-1.94551453e-01	
1.06454074e-01	6.26069784e-01	
-8.21759045e-01	-1.01274438e-01	
1.78439558e-01	2.45248035e-01	
-4.96518612e-01	7.47250736e-01	
1.24141067e-01	5.69229424e-01	
-6.22513831e-01	-3.63976598e-01	
3.92098188e-01	-3.00197333e-01	
-4.76862997e-01	4.13514853e-01	
6.95576251e-01	-5.74092686e-01	
-4.47897799e-02	6.22107863e-01	
7.07696617e-01	5.39543629e-01	
6.44946545e-02	7.73642361e-01	
-3.15381348e-01	-1.77635550e-01	
-6.61076233e-02	-3.59541662e-02	1.98445618e-01	-4.40448523e-02	-6.47370219e-01	1.39584124e-01	-6.84364364e-02	-1.76763967e-01	1.40930815e-02	3.86384502e-02	-4.37815249e-01	-1.64256960e-01	1.73817620e-01	-6.20621070e-02	7.89700076e-02	-4.46748361e-03	2.48011798e-01	8.83354604e-01	-8.54101181e-02	1.97592065e-01	-1.78202540e-01	2.65023053e-01	1.11960709e-01	4.28524166e-01	-1.41048208e-01	
-1.88019395e-01	-6.50634542e-02	9.91530940e-02	1.57464985e-02	-1.63988456e-01	-1.02981687e-01	-1.38341621e-01	-1.44685671e-01	-1.26527235e-01	-1.22776866e-01	1.12139419e-01	-9.31722671e-02	4.82369177e-02	1.15441203e-01	4.68041897e-02	-1.93575069e-01	-3.75417471e-02	5.92034832e-02	5.55632114e-02	-1.48819238e-01	1.21376775e-01	1.60209879e-01	1.30472690e-01	-7.34076053e-02	-1.48628220e-01	
-4.65510219e-01	-1.46418065e-01	-3.03212684e-02	-9.63819027e-02	-4.29618746e-01	3.28629881e-01	-1.67488381e-01	-1.99691772e-01	3.15332204e-01	1.09236978e-01	-2.74428755e-01	1.67309001e-01	2.07572147e-01	2.60527790e-01	7.00804964e-02	4.67181295e-01	1.10210575e-01	8.85876358e-01	1.62533447e-01	3.33220698e-02	1.37708858e-01	2.50046641e-01	1.70183256e-01	2.18906090e-01	-1.62969977e-01	
1.71579093e-01	2.49424979e-01	2.50581414e-01	8.33728351e-03	4.58374321e-01	-7.76370987e-03	1.62146334e-02	1.75536156e-01	2.05421343e-01	-1.72732145e-01	4.91202027e-01	1.29517660e-01	-1.58564392e-02	1.07481331e-02	-1.20488502e-01	-3.27317923e-01	-1.38072833e-01	-7.92495549e-01	-7.22826943e-02	-1.60972953e-01	1.42714098e-01	-1.44650951e-01	3.15187201e-02	-3.45015198e-01	3.20626646e-01	
4.52294340e-03	-1.65148862e-02	-1.31840348e-01	-4.59218019e-04	1.42581940e-01	-1.60065114e-01	-1.56317696e-01	1.56954885e-01	-3.24528627e-02	1.26829864e-02	-6.57450706e-02	-1.36714205e-01	5.27716316e-02	1.09273255e-01	2.77090073e-03	3.34793217e-02	-1.43871605e-01	1.82241604e-01	-5.11627197e-02	-4.45021652e-02	-1.93701848e-01	1.70202032e-01	5.07161878e-02	1.68385282e-01	-6.94324002e-02	
-2.80215979e-01	-1.64221376e-02	-4.80316937e-01	8.49633198e-03	-3.56134027e-01	1.39756247e-01	7.93422461e-02	1.83689103e-01	2.01374277e-01	-1.19211338e-01	-5.84520459e-01	-1.48407742e-01	3.23695779e-01	2.63666064e-01	-1.87837005e-01	4.46646988e-01	2.37801358e-01	-3.83894980e-01	6.94819465e-02	3.36916208e-01	1.72033742e-01	1.05241515e-01	9.29789245e-02	3.71649951e-01	1.13055818e-02	
2.73771286e-02	-1.16169669e-01	1.54084042e-01	-4.12793867e-02	-1.56848103e-01	-1.72577769e-01	-1.70079976e-01	-6.17165826e-02	-3.55899595e-02	-3.49633694e-02	-1.51640534e-01	-9.67852101e-02	-1.10208824e-01	1.18476890e-01	4.75049987e-02	-1.98008940e-01	-1.86836764e-01	-1.82717368e-01	9.51642990e-02	2.14879513e-02	-8.24022281e-04	-1.30308375e-01	1.50474414e-01	-1.86567187e-01	-1.09083895e-02	
2.43688256e-01	-1.30740836e-01	-3.78693826e-02	-3.13239582e-02	-1.71463299e+00	-8.72968882e-02	-1.03021264e-01	-1.09863617e-01	9.51208845e-02	-1.82032898e-01	2.05128789e-01	-1.59615874e-01	-8.09495673e-02	-5.27465828e-02	-1.06831789e-01	2.54702032e-01	2.06063688e-01	1.18151993e-01	1.89087421e-01	2.59110153e-01	-1.44537732e-01	8.65931436e-02	-9.83994231e-02	3.59413087e-01	-3.01344126e-01	
-5.23692191e-01	-1.70188639e-02	1.31819565e-02	1.26213238e-01	-3.61145675e-01	3.36040318e-01	1.26497750e-03	1.69123694e-01	1.03622526e-01	-1.24712184e-01	-4.12966698e-01	1.70597941e-01	6.05694354e-02	1.18785508e-01	-1.81874633e-01	1.61651403e-01	2.29889333e-01	5.77222705e-01	-1.71076491e-01	-3.01104393e-02	-5.06724119e-02	3.27573180e-01	1.81216598e-02	3.27499688e-01	-1.36741549e-01	
1.08083934e-01	1.86972857e-01	2.14316025e-01	-1.49365887e-01	6.46186113e-01	-1.49150372e-01	4.81078401e-02	-1.56540498e-01	-2.42904481e-03	-1.49714381e-01	5.38702235e-02	-1.00985721e-01	3.10131967e-01	4.62984666e-02	-1.19695663e-02	-1.80289429e-02	-1.28702492e-01	-1.71070206e+00	-3.02379136e-03	-1.46682665e-01	7.71209970e-02	9.88186225e-02	1.00131564e-01	-1.75770357e-01	2.71296114e-01	
1.01258993e-01	-9.77609679e-02	2.54012346e-02	-5.63527346e-02	-2.61275060e-02	-8.21500570e-02	-6.26919270e-02	-4.97326627e-02	-1.05366282e-01	7.06873909e-02	-3.23645361e-02	1.91175088e-01	-1.80595621e-01	1.97493076e-01	-1.13471702e-01	8.97615477e-02	1.61602661e-01	-1.39492035e-01	-1.12818934e-01	-1.09771632e-01	-8.82403180e-02	1.16980314e-01	-9.59859118e-02	1.08715534e-01	-1.78040817e-01	
-1.98951483e-01	-1.80445239e-01	7.77006894e-02	-1.06268428e-01	1.89505145e-01	1.31990597e-01	-1.72448397e-01	-5.29562719e-02	1.35064289e-01	1.70858860e-01	-1.24638274e-01	-1.27312452e-01	-1.97868660e-01	-9.79679823e-02	-1.88941583e-01	-1.62364602e-01	-1.47485808e-01	-9.94723365e-02	-1.68618917e-01	-2.02967413e-02	-7.69113302e-02	6.98740259e-02	-9.32350196e-03	-3.19640641e-03	-9.90516692e-02	
-1.93924412e-01	-6.65885210e-02	-1.25784516e-01	-1.23701118e-01	-9.87461805e-02	1.65274531e-01	1.76803600e-02	-3.67999077e-02	-3.06949625e-03	-2.72475481e-02	3.39620118e-03	-1.66420937e-01	-3.65868323e-02	-1.54286847e-01	-9.69848633e-02	-1.88395888e-01	1.83482334e-01	-2.51698736e-02	-1.83646828e-01	-6.96057305e-02	1.80697158e-01	-5.09107113e-03	1.54016260e-02	1.98439389e-01	-3.73251922e-02	
6.65859208e-02	-1.54196411e-01	8.28765854e-02	-1.38742372e-01	-4.55756187e-02	-1.33299261e-01	-4.86057512e-02	1.39060363e-01	-1.54168770e-01	3.32979448e-02	-4.11937721e-02	-1.31078959e-02	-4.85262647e-02	-6.46075532e-02	8.80263075e-02	7.95245171e-04	3.46516855e-02	1.11227326e-01	1.36144161e-01	1.53152272e-01	-1.56950042e-01	1.33104086e-01	-4.83945869e-02	-2.93798205e-02	-9.06480551e-02	
5.38529158e-02	-2.80559063e-02	8.44498873e-02	-1.59791425e-01	1.66910335e-01	-8.50619078e-02	-1.64503083e-01	-3.26307081e-02	-1.71200320e-01	1.32894024e-01	-1.06467701e-01	-1.73722178e-01	-1.29675657e-01	-5.92067726e-02	-7.44250044e-02	7.41531178e-02	8.32727179e-02	3.37709673e-02	-7.50066265e-02	9.15260538e-02	-1.38993070e-01	1.92407653e-01	-2.30246317e-02	-3.04754265e-02	-1.48130879e-01	
4.34345365e-01	2.67096788e-01	9.39639211e-02	-1.95548639e-01	6.98207259e-01	-1.31894544e-01	6.52892608e-03	2.89706718e-02	-1.27707168e-01	-2.94650085e-02	1.83217198e-01	-6.27977625e-02	2.19926372e-01	-3.11470777e-02	3.08254957e-02	-1.97163299e-01	-1.39720425e-01	-7.96742022e-01	3.93064022e-02	-1.77697048e-01	-1.67056203e-01	-1.84118841e-03	1.08202081e-03	-1.78685844e-01	2.85247386e-01	
1.22741267e-01	-3.93083245e-02	3.59987080e-01	2.82036066e-02	1.11834753e+00	9.43619199e-03	2.82548666e-02	1.45455360e-01	-1.56473577e-01	-2.08602678e-02	2.99455702e-01	1.12976745e-01	1.65743336e-01	1.82012934e-02	-5.84488884e-02	-4.05268073e-02	9.49670449e-02	-5.89739263e-01	-1.72506973e-01	-3.01371872e-01	1.45623252e-01	-2.41090089e-01	-1.39201162e-02	-2.00374976e-01	4.90060486e-02	
-1.07100129e-01	-6.43417388e-02	1.71955496e-01	-1.98427588e-01	1.87312365e-01	1.19017605e-02	1.62878036e-02	1.73141077e-01	-1.94780022e-01	-4.99355793e-02	1.21453762e-01	-1.23372793e-01	1.85602196e-02	1.44350559e-01	4.18994911e-02	-1.32260948e-01	1.44406632e-01	1.82314917e-01	-8.91337451e-03	-1.41380772e-01	6.35966584e-02	1.70495823e-01	4.58685867e-02	-1.50737643e-01	3.00618410e-02	
-1.76980838e-01	5.98522238e-02	5.53890020e-02	-1.79335952e-01	5.78073934e-02	-2.16690555e-01	1.90227300e-01	-4.99141924e-02	-9.47318599e-03	-1.00046180e-01	5.32497931e-03	-4.14155722e-02	1.01169094e-01	-3.68279144e-02	1.55998394e-01	1.33037388e-01	1.53785869e-01	-1.35025740e-01	2.56345272e-02	-1.08224198e-01	-1.91461325e-01	-2.03887329e-01	-1.42790556e-01	1.16461329e-01	-8.51871744e-02	
-1.13298735e-02	-4.56642471e-02	1.31501451e-01	1.05541132e-01	-1.49105072e-01	-1.25248194e-01	6.74559101e-02	7.07871467e-02	-1.14772819e-01	-1.13583803e-02	8.58340785e-02	7.89737925e-02	5.18724695e-02	-5.05445302e-02	-1.24766015e-01	9.46596712e-02	-1.41132146e-01	-9.15160403e-02	-8.93730894e-02	3.72119225e-03	-1.59077197e-01	-2.00457200e-01	1.26062185e-01	3.43616828e-02	-5.29132178e-03	
-1.81603394e-02	1.44924998e-01	4.53314275e-01	1.52001623e-02	5.07576108e-01	7.33136013e-02	1.14780001e-01	-2.72814762e-02	-1.95285842e-01	5.45428284e-02	1.93605065e-01	-1.35597304e-01	1.72303393e-02	3.45255256e-01	1.13045506e-01	-1.57169238e-01	-5.29863000e-01	3.94922972e+00	-1.32680729e-01	1.57196000e-01	-3.53503004e-02	-1.01925582e-01	-1.62847638e-01	-5.00431061e-01	7.51367286e-02	
1.93261549e-01	4.32345383e-02	-9.47889835e-02	-7.83896670e-02	-3.14357057e-02	-1.09427385e-01	5.26631586e-02	1.44986510e-01	1.07457405e-02	9.64508057e-02	-2.21786257e-02	2.72317417e-02	-1.39048845e-01	-1.08070947e-01	1.73335671e-01	8.44480768e-02	1.56779811e-01	-1.85600162e-01	1.62869677e-01	-1.76383983e-02	1.46032006e-01	9.58940983e-02	-1.18158601e-01	-1.26595244e-01	-1.63650259e-01	
-2.65331753e-02	-4.27653305e-02	-1.19850211e-01	-8.34545419e-02	1.34991199e-01	-1.94396049e-01	1.26430038e-02	-1.73060372e-01	3.59778404e-02	1.27673149e-03	1.68361906e-02	-1.89228892e-01	-1.04079014e-02	1.06741071e-01	1.77452728e-01	-9.67507139e-02	-2.81919483e-02	-8.42015743e-02	-6.85849180e-03	7.36771598e-02	-1.75561935e-01	1.29993204e-02	1.78906113e-01	-4.25365455e-02	-3.82525437e-02	
8.98569226e-02	1.84234008e-01	5.50221503e-01	-1.61838442e-01	1.21754813e+00	-3.40673536e-01	-6.86225444e-02	5.73790781e-02	-4.45817225e-02	-1.47839531e-01	1.13133773e-01	1.78216770e-01	2.21176855e-02	-3.57325464e-01	1.50365472e-01	-5.63749038e-02	8.80278461e-03	-3.16908216e+00	7.72423763e-03	-3.17515105e-01	-1.97441086e-01	2.02208827e-03	-7.77951442e-03	-4.00173366e-02	1.30027711e-01	
-5.52749373e-02	-5.49139567e-02	1.34467974e-01	1.44398332e-01	-2.15814248e-01	4.07064147e-02	-6.86619505e-02	1.54842809e-01	-3.77684198e-02	1.02031305e-01	-1.31693631e-01	1.94343641e-01	1.55072883e-01	-1.82501301e-01	-1.29939318e-02	-1.35726556e-01	-1.18449628e-01	1.80262819e-01	-1.02576159e-01	-5.95860835e-03	-1.91301834e-02	1.49670497e-01	-1.59885228e-01	-1.43132403e-01	1.66553557e-01	
-2.50153333e-01	-1.95093989e-01	-1.82323575e-01	3.85007888e-01	-3.48036624e-02	-1.60804570e-01	-8.91151205e-02	1.52064741e-01	-9.35743302e-02	3.35912377e-01	-5.82297556e-02	-1.57946974e-01	-1.89792469e-01	-1.85449228e-01	-1.56579658e-01	4.08074886e-01	-1.37595534e-01	-1.06986694e-01	-1.48324654e-01	3.09086256e-02	1.34603381e-01	-2.27309950e-02	-1.36207372e-01	-7.39822447e-01	-1.18799835e-01	
2.23435715e-01	1.89847827e-01	2.01459527e-01	-3.51516545e-01	-1.51686460e-01	4.39059556e-01	9.50938016e-02	-9.77475762e-01	3.51842046e-01	6.08861037e-02	8.86963382e-02	-1.16305783e-01	-1.27987266e-01	-9.29281488e-02	-1.25745684e-01	-5.51469028e-01	-1.79061401e+00	-9.17065144e-03	1.92383409e-01	1.42768815e-01	-3.87596488e-01	1.14858560e-01	1.94461986e-01	-9.83174741e-02	-1.43497795e-01	
-5.62899590e-01	-6.63560405e-02	-5.09139717e-01	5.09922266e-01	7.40650445e-02	-1.50856927e-01	1.61587596e-01	-1.17584378e-01	-5.97676098e-01	5.83302557e-01	-1.94457527e-02	8.94575864e-02	-1.85746148e-01	-8.47461969e-02	-6.90829754e-03	6.33543909e-01	-6.42026901e-01	-5.79354540e-02	-5.48021048e-02	-1.05135866e-01	-5.16882166e-02	-8.15247819e-02	1.61726281e-01	-1.41279745e+00	-1.69208601e-01	
-7.14460388e-02	4.37844060e-02	2.75992990e-01	-1.80727728e-02	-2.57569570e-02	3.75972956e-01	-1.70700237e-01	-2.27320790e-01	2.88974792e-01	-8.13046694e-02	-1.73124343e-01	1.26997000e-02	-1.76205993e-01	8.29589367e-02	-1.45762995e-01	-2.99368203e-01	4.16771621e-01	-1.22112207e-01	5.85024152e-03	-1.40272453e-01	-1.06813625e-01	1.01006679e-01	-2.71419045e-02	9.07067239e-01	-5.70776612e-02	
-1.89428125e-02	-1.85718164e-01	2.56010145e-01	-1.10011436e-01	-2.81653162e-02	5.85567176e-01	-1.07739024e-01	-3.60790014e-01	2.94740766e-01	1.80190399e-01	8.04531574e-03	1.96961805e-01	-6.27615675e-02	1.74739227e-01	1.33775353e-01	-5.82518764e-02	6.01534545e-01	-1.79672524e-01	5.04126064e-02	1.33364961e-01	-1.08585966e+00	-2.74170395e-02	5.15406132e-02	7.54974127e-01	1.24326229e-01	
-5.78715682e-01	7.77689442e-02	-1.75142840e-01	3.40441525e-01	-1.20256372e-01	-2.73561746e-01	7.38111287e-02	2.04139963e-01	-3.50906461e-01	1.92300126e-01	3.34580205e-02	3.25094946e-02	4.89742756e-02	-2.66916994e-02	-2.36543175e-02	6.10040009e-01	-2.40729898e-01	-1.15399480e-01	-4.47942968e-03	-7.57964253e-02	6.79048359e-01	-5.59191965e-02	-3.87506485e-02	-7.88208008e-01	-3.86278145e-02	
-2.31909543e-01	1.05648994e-01	-5.34386456e-01	5.80569983e-01	-6.35255203e-02	-1.57140329e-01	-1.98569283e-01	3.63065600e-01	-3.60395946e-02	5.06122470e-01	1.55692324e-01	1.96720839e-01	-1.69947967e-01	-6.92881122e-02	1.89326599e-01	7.83984125e-01	-4.76678520e-01	1.22068338e-01	4.67010401e-02	1.23327427e-01	-1.93681106e-01	-1.21320486e-02	-1.86409980e-01	-6.43488407e-01	1.05019912e-01	
-3.39367032e-01	1.51367143e-01	-3.47704589e-01	1.48774922e-01	-3.47266160e-03	-4.72890705e-01	-1.16526701e-01	5.28986454e-01	-1.35552168e-01	4.92877960e-01	-5.85233234e-02	-1.56733349e-01	-7.26267621e-02	-1.16154864e-01	-1.69863820e-01	4.08209980e-01	4.15823340e-01	-2.80581005e-02	-1.01900682e-01	-1.60917714e-01	3.28503877e-01	1.89877734e-01	1.69725686e-01	8.86059582e-01	1.88926473e-01	
5.82668297e-02	1.14956334e-01	1.77543521e-01	-7.55556151e-02	4.42207344e-02	-1.25173122e-01	-1.09802127e-01	5.47138453e-02	-1.27487883e-01	-8.01598057e-02	9.19412598e-02	4.27420158e-03	1.32785186e-01	-6.75239787e-02	7.49351978e-02	2.19475981e-02	1.78340703e-01	-8.76923129e-02	1.93421155e-01	5.43397665e-02	-1.00489073e-01	-1.21170975e-01	-7.64426738e-02	1.55820847e-02	-1.81469798e-01	
3.13256942e-02	1.78036526e-01	6.08111620e-02	-1.70487508e-01	-1.09535217e-01	3.89635623e-01	-1.21912956e-02	-3.74300659e-01	1.53727621e-01	5.24795540e-02	1.16390727e-01	-2.74351370e-02	1.70042589e-01	8.84020329e-02	3.28850262e-02	-9.26000029e-02	6.84891105e-01	-1.73136428e-01	3.31787728e-02	1.64977685e-01	-1.06302762e+00	1.90718159e-01	5.08626960e-02	9.32502866e-01	-1.33148834e-01	
2.19768092e-01	3.28887962e-02	2.28391603e-01	-2.17350185e-01	2.89894938e-02	1.21133991e-01	9.35833231e-02	-3.55976462e-01	2.16405809e-01	1.60785973e-01	-2.94421446e-02	1.55989483e-01	-1.23918891e-01	-1.44234300e-01	-1.74848825e-01	-4.25131954e-02	2.82634825e-01	-1.87294766e-01	-1.61453411e-02	1.56146854e-01	-1.40879703e+00	-1.77803442e-01	-3.22246552e-03	7.18920946e-01	9.07768831e-02	
-1.97508380e-01	-1.16884951e-02	1.52405545e-01	1.72126070e-01	-6.37769699e-05	-1.92102790e-01	-5.51832430e-02	-1.21981859e-01	9.53927189e-02	-5.22277169e-02	-3.59854214e-02	-1.94997534e-01	-8.29396024e-02	9.50105190e-02	3.08554899e-02	-1.08590581e-01	-5.48818223e-02	-7.62815252e-02	-1.14901308e-02	5.66471592e-02	-2.05957264e-01	-6.11075647e-02	-1.84530884e-01	1.58139765e-01	-8.60556141e-02	
-2.46048808e-01	-1.50445700e-02	-3.07028204e-01	5.14707446e-01	-2.01326773e-01	-1.41337842e-01	8.88044834e-02	3.16253990e-01	-4.18713838e-01	6.07287645e-01	1.51149422e-01	-1.46262199e-01	1.37316823e-01	-1.99526623e-01	1.00199178e-01	8.38662982e-01	-7.57859126e-02	1.39462382e-01	-1.46330133e-01	2.39370447e-02	-7.07255423e-01	-5.17132767e-02	4.78481539e-02	-8.31251681e-01	-1.98446419e-02	
1.83259919e-01	-4.65400703e-02	-1.70270845e-01	-9.78807434e-02	-1.98159620e-01	6.56402633e-02	-1.03885889e-01	-5.72606809e-02	-8.64541307e-02	-3.62539068e-02	1.80183098e-01	-1.74680635e-01	-1.51326299e-01	-1.69853956e-01	1.91460475e-01	-1.44298315e-01	-2.19101664e-02	1.76252440e-01	-9.93428007e-02	-9.75917578e-02	-1.27546191e-01	4.59961407e-02	-1.68133959e-01	1.94498494e-01	-5.59794903e-02	
-5.27374446e-01	1.61256194e-01	-4.47503597e-01	5.04632413e-01	1.53268799e-01	5.83913922e-02	-6.71577230e-02	-2.95170158e-01	-2.75595278e-01	5.72851360e-01	1.93339333e-01	8.68597776e-02	3.98775823e-02	6.65988913e-03	1.68573424e-01	8.82325649e-01	-4.98119861e-01	7.72388726e-02	7.04551861e-03	-1.92899540e-01	-3.74191031e-02	5.68682924e-02	1.43405229e-01	-9.40068603e-01	-1.42640337e-01	
4.10653837e-02	-1.05030395e-01	2.53614664e-01	-3.94503698e-02	-1.95139095e-01	3.93946499e-01	-5.90317510e-02	-4.40364987e-01	3.71880054e-01	-6.92259707e-03	4.67399843e-02	-1.83344886e-01	8.93275067e-02	7.85080194e-02	-9.07918215e-02	-3.15175116e-01	5.11681497e-01	3.81000042e-02	8.46371334e-03	-3.32338326e-02	-3.13783139e-01	-1.68932676e-01	6.68608174e-02	9.18849826e-01	2.76431404e-02	
-9.53566357e-02	-9.67659727e-02	-1.04095772e-01	-1.19517207e-01	1.41420126e-01	1.16303064e-01	1.46030769e-01	-6.10009693e-02	-1.01417355e-01	-5.34832478e-02	6.79086670e-02	-1.12647535e-02	-7.36354142e-02	-1.89563498e-01	1.49943709e-01	8.56999159e-02	-1.94926620e-01	-1.30742192e-01	-7.17500672e-02	-2.98816916e-02	-8.41746107e-02	1.07229881e-01	-3.80322449e-02	-1.90767094e-01	1.34063825e-01	
-1.09201443e+00	-1.56627014e-01	-4.77541387e-01	4.18875396e-01	1.53105818e-02	-1.82610810e-01	-2.61234995e-02	2.14325428e-01	-3.18083942e-01	3.23422819e-01	1.08872227e-01	1.43167526e-01	7.20913410e-02	1.67823553e-01	-1.61424473e-01	5.85866392e-01	-2.04353118e+00	2.66879797e-02	6.72679916e-02	-1.86655633e-02	2.50994533e-01	2.97210701e-02	-1.06860641e-02	-1.07917655e+00	-4.72923629e-02	
1.11537743e-02	1.60390303e-01	1.78190783e-01	-5.40333800e-02	9.07126218e-02	-8.01467821e-02	1.37545019e-01	1.11191347e-01	-1.67724043e-02	-1.57934979e-01	-3.68630663e-02	-8.46404582e-02	9.04170275e-02	-1.69929579e-01	-4.20377962e-02	1.50139451e-01	6.08648472e-02	2.60667335e-02	-1.28635410e-02	1.78869396e-01	-3.32170329e-03	-1.68831393e-01	-7.94558078e-02	-1.58790976e-01	-1.69260148e-02	
-1.22464776e-01	4.59734686e-02	1.14550307e-01	-3.70100252e-02	-5.08851074e-02	-1.37304306e-01	-1.88396409e-01	1.69826820e-01	-1.47491723e-01	1.29564747e-01	1.04475856e-01	3.03109419e-02	1.70438245e-01	1.78300694e-01	-1.68933436e-01	-9.60624442e-02	-1.58029720e-01	3.15785892e-02	-1.04612924e-01	-1.62031278e-01	-1.33285746e-01	1.62643671e-01	1.69950113e-01	3.66486311e-02	-7.48186633e-02	
-1.86999306e-01	3.91600840e-02	-1.05222367e-01	-3.61043476e-02	3.53438370e-02	-1.06098011e-01	-1.97566792e-01	4.07375805e-02	1.14544205e-01	-1.17742375e-01	-6.00681081e-02	-1.39874220e-01	-9.63375121e-02	-9.92055908e-02	-3.22964205e-03	1.97833925e-01	-1.74747452e-01	-7.05175921e-02	3.99671569e-02	4.16987911e-02	-2.62196306e-02	-1.10713936e-01	1.81571484e-01	-6.62474856e-02	1.71421058e-02	
2.58007050e-02	1.38622567e-01	-1.77612171e-01	6.72535896e-02	1.90939054e-01	-1.36665061e-01	1.85757786e-01	-1.75072238e-01	-1.47546649e-01	-1.32980019e-01	1.11018658e-01	5.15816472e-02	1.29911348e-01	2.43393667e-02	-1.91568762e-01	2.01994181e-02	-6.89579472e-02	1.48023129e-01	-6.21245392e-02	1.80637129e-02	-1.23895384e-01	9.15196687e-02	1.44958971e-02	1.64568052e-01	3.59230749e-02	
-2.07748994e-01	-1.87009647e-01	-4.09705639e-01	4.20608521e-01	-5.11171781e-02	-1.44774765e-01	1.68018346e-03	6.19155884e-01	-4.28406775e-01	3.63250762e-01	8.93281698e-02	2.59813797e-02	-1.83115199e-01	-1.95897102e-01	-1.84728190e-01	4.60203826e-01	-7.55348280e-02	5.58709167e-02	-3.98065336e-02	1.55601799e-01	-7.96599686e-02	-4.61161844e-02	1.24672197e-01	-5.32640219e-01	2.06128173e-02	
1.36318609e-01	-1.77202709e-02	7.84696043e-02	-2.32162967e-01	-1.86922655e-01	4.29042518e-01	-5.41985296e-02	-1.31638408e+00	3.26644421e-01	1.75894946e-01	-1.35242060e-01	-1.28708035e-01	-1.32130340e-01	1.29057243e-01	1.32573605e-01	-2.73088217e-01	-1.61143148e+00	3.73270512e-02	1.81845248e-01	-2.07341202e-02	-1.00024402e+00	-1.33697793e-01	1.19095325e-01	-8.79856932e-04	-7.03922361e-02	
-4.22514796e-01	2.03072317e-02	-1.86117560e-01	4.43675905e-01	7.37608746e-02	-3.44388962e-01	9.16481763e-02	1.24211080e-01	-4.92564052e-01	4.22880650e-01	-1.68426856e-01	-3.29581760e-02	1.40812084e-01	3.14094797e-02	1.95378408e-01	5.51980078e-01	-1.42102733e-01	1.64024934e-01	3.91535051e-02	-6.67715371e-02	2.48755999e-02	1.34607360e-01	1.85228303e-01	-8.35873306e-01	2.67080162e-02	
2.62286454e-01	-7.51886904e-01	4.53479242e+00	-3.51665050e-01	-9.46849465e-01	-6.22095644e-01	7.57213354e-01	-1.12096381e+00	7.13730380e-02	-3.21276277e-01	-6.05813682e-01	-6.96271360e-02	1.04532492e+00	-1.94131851e-01	1.78462958e+00	-2.96335667e-01	9.92171988e-02	3.16067195e+00	7.58252516e-02	6.13358505e-02	1.69930294e-01	1.72172427e-01	7.85774648e-01	-9.54477072e-01	7.60201991e-01	
2.08974421e-01	
8.15248251e-01	
7.74373353e-01	
-1.39826385e-03	
9.13141906e-01	
-4.36321825e-01	
-1.87557101e-01	
-3.13838154e-01	
1.12967424e-01	
-6.87905908e-01	
2.01802254e-01	
-2.25567311e-01	
5.38608789e-01	
-4.98678625e-01	
-3.81604880e-01	
-7.79836714e-01	
-1.22215196e-01	
-1.20348334e+00	
6.53934836e-01	
-5.83692908e-01	
7.65253603e-02	
-1.75506935e-01	
-2.28099018e-01	
-4.03654337e-01	
8.90519500e-01	
-4.36345637e-01	
6.78401217e-02	
-4.45161581e-01	
4.83625799e-01	
-1.40149653e-01	
-3.77039343e-01	
6.59124628e-02	
-3.17730248e-01	
-1.66767925e-01	
4.93983060e-01	
6.61928877e-02	
-4.49952371e-02	
-6.43380657e-02	
-1.36387115e-02	
-1.04079418e-01	
2.73564070e-01	
1.41098350e-01	
-1.14621691e-01	
-9.92920529e-03	
-2.50454023e-02	
7.35896453e-02	
7.66106620e-02	
-1.51602432e-01	
5.12958109e-01	
-2.86017191e-02	
3.36932033e-01	
-3.61141652e-01	
1.79210946e-01	
-2.42721736e-01	
-1.08918644e-01	
3.66809160e-01	
3.80671620e-01	
2.37688333e-01	
-3.32614891e-02	
-2.89886683e-01	
-1.12522515e-02	
-2.07568169e-01	
3.18328112e-01	
-1.80869177e-01	
3.14886808e-01	
-2.14785010e-01	
-5.98658323e-02	
2.42298514e-01	
-1.76590458e-01	
-1.80682465e-01	
-1.81696177e-01	
-1.12463452e-01	
3.05059224e-01	
-2.74617016e-01	
2.38042206e-01	
3.00989568e-01	
