-5.29792070e-01	-8.91119242e-01	
-1.26127303e-01	6.01598442e-01	
3.52456123e-01	-4.89939988e-01	
-8.95927250e-02	-3.55737418e-01	
5.91846108e-01	-2.82994002e-01	
-5.57844281e-01	-8.08019876e-01	
-1.93883702e-01	7.20761418e-02	
4.86759663e-01	-2.04422995e-01	
4.16989356e-01	5.66249907e-01	
3.53527337e-01	-5.68167269e-01	
4.34798837e-01	-1.76920667e-02	
5.09365976e-01	-3.31711113e-01	
-1.49032965e-01	-3.69376421e-01	
2.69549251e-01	-1.75880313e-01	
-3.14973861e-01	3.88828106e-02	
3.61234486e-01	-3.81479561e-01	
-7.86722898e-01	-1.97458446e-01	
1.37253240e-01	-5.27435124e-01	
-6.15136087e-01	-6.71746209e-02	
3.16010296e-01	7.95729101e-01	
-4.98147845e-01	1.54310867e-01	
-5.88886201e-01	1.67354494e-01	
4.18091714e-01	5.66597521e-01	
5.31542659e-01	-6.77481413e-01	
-4.29671824e-01	-2.52170026e-01	
-3.30539942e-02	-3.17280297e-03	-7.57681653e-02	9.48984846e-02	-1.76889300e-01	-8.71343166e-02	-7.82881305e-02	7.33958036e-02	-1.15316987e-01	1.25276014e-01	1.04180150e-01	2.82132626e-02	-1.52130321e-01	-7.49057084e-02	-1.85164556e-01	-1.00062065e-01	-1.48968741e-01	2.09860336e-02	4.21322100e-02	1.10019758e-01	-7.55489096e-02	1.61351450e-02	-7.15415254e-02	1.86229810e-01	6.45684004e-02	
2.40436643e-01	4.90911044e-02	9.57931504e-02	1.63256213e-01	-1.24392770e-01	1.03548661e-01	-1.87839627e-01	-3.99951451e-02	-3.41199199e-03	-1.37160212e-01	1.95755124e-01	1.72390014e-01	1.50811985e-01	2.67010123e-01	-1.96486190e-01	1.70896083e-01	-6.00950532e-02	1.88020140e-01	5.36411852e-02	1.61010861e-01	6.44028410e-02	1.31742060e-01	1.22629315e-01	-1.86622143e-01	1.02051504e-01	
2.68359244e-01	1.63301498e-01	-3.26762209e-03	1.28596112e-01	-1.11581445e-01	3.17395031e-01	-3.10544856e-03	1.05572462e-01	-3.22361439e-02	4.05748375e-02	-6.07284792e-02	9.38436314e-02	2.63104439e-01	4.23557729e-01	3.05049811e-02	-9.61360987e-03	2.77332008e-01	1.81632981e-01	1.51224690e-03	2.38527164e-01	2.47755367e-03	7.65523389e-02	-1.90280437e-01	1.71067312e-01	-1.35305952e-02	
1.10962391e+00	-8.29316974e-02	1.62391812e-01	8.83405268e-01	7.07587972e-02	1.19379079e-02	-9.39435959e-01	1.54915616e-01	4.12474662e-01	4.88184951e-02	-1.75101519e-01	-5.40033840e-02	6.34354711e-01	1.11719716e+00	-3.25674891e-01	1.14845872e-01	-2.72560328e-01	-1.03612952e-01	-2.16771647e-01	-4.30010743e-02	-1.29252985e-01	-1.86713681e-01	2.07647681e-01	-2.10780855e-02	-7.83647373e-02	
2.67674893e-01	-2.48304941e-02	8.82050544e-02	1.14787214e-01	-1.36204287e-01	7.26410523e-02	-1.76994324e-01	-1.57726914e-01	-1.97865203e-01	1.35172963e-01	-5.81334606e-02	-7.75284767e-02	2.30640978e-01	3.52982312e-01	-1.86022997e-01	-3.42452526e-02	4.11354564e-02	1.81728125e-01	3.17940414e-02	3.34540784e-01	2.34390348e-01	-9.38677937e-02	-1.14226438e-01	3.27056423e-02	1.99207842e-01	
-9.17605162e-02	-1.66223913e-01	1.42970949e-01	-1.96449761e-03	1.79989859e-01	-4.65090293e-03	-1.03180341e-01	-9.28053409e-02	1.11359125e-02	-3.48515026e-02	-1.64749742e-01	-1.31992564e-01	-1.99887320e-01	-1.55103682e-02	-1.18218541e-01	-1.81467652e-01	-8.96312967e-02	9.64047909e-02	1.08055351e-02	-8.47330838e-02	1.22712329e-01	-5.06931059e-02	5.84839843e-02	1.14490036e-02	1.98841363e-01	
-1.19952872e-01	3.59219939e-01	-7.06384704e-02	1.74532488e-01	1.22066997e-01	1.01090692e-01	1.19103178e-01	-1.33676723e-01	1.78124100e-01	1.86768398e-01	9.72397346e-03	-1.31583720e-01	1.37171894e-01	-2.37021255e+00	-2.00928882e-01	-1.11008480e-01	3.10811549e-01	-1.93315491e-01	2.73015112e-01	7.38253444e-02	1.61347240e-01	3.22161317e-01	2.08678675e+00	8.21732283e-02	1.48246393e-01	
-3.04333597e-01	2.90711373e-01	-5.87456487e-02	-2.31659010e-01	-9.86687467e-02	-2.47682706e-01	2.06511378e-01	5.46311848e-02	1.83488414e-01	1.59448627e-02	4.85944264e-02	1.63549885e-01	-2.20188752e-01	1.26798916e+00	2.24184439e-01	-1.07192568e-01	-2.01035306e-01	-9.28854719e-02	-9.96312872e-02	6.17173135e-01	2.18618035e-01	1.36952743e-01	-1.46794721e-01	1.76783472e-01	-6.72752410e-02	
2.29475498e-01	2.22225279e-01	1.64922461e-01	9.75381076e-01	-3.39990631e-02	1.03909627e-01	-6.82720721e-01	-4.29034941e-02	4.50347692e-01	1.41464710e-01	1.19589329e-01	-5.19998558e-02	8.84116411e-01	1.33440137e+00	-1.08598876e+00	4.45557833e-02	-3.82174492e-01	-1.66213796e-01	-6.00237362e-02	5.83405554e-01	1.32439379e-02	-2.01203391e-01	-8.64553750e-02	-8.60202312e-03	-1.32584963e-02	
-8.27024728e-02	2.44791973e-02	1.89893872e-01	-1.39441952e-01	1.93457350e-01	-1.16431847e-01	2.07736328e-01	-5.09951822e-02	1.20234378e-01	-1.01060174e-01	1.53647423e-01	5.21763824e-02	-1.98970005e-01	-1.03212488e+00	1.24768794e-01	-7.08416477e-02	1.47374928e-01	-1.65016770e-01	1.78441852e-01	-7.81788468e-01	1.11871563e-01	2.04940259e-01	4.24724728e-01	-1.63513213e-01	-1.08156048e-01	
-6.56413019e-01	4.63122308e-01	-3.33974138e-02	-3.24407816e-01	-7.86217228e-02	-7.38268197e-01	9.07450244e-02	-1.73932791e-01	7.08008468e-01	9.25335214e-02	1.58909708e-01	1.31910443e-01	-7.04526842e-01	-4.58365083e-01	-6.81478500e-01	1.89325690e-01	-1.16028480e-01	-1.33763319e-02	-5.86629733e-02	-4.06148046e-01	1.70443386e-01	-3.46835665e-02	5.75584650e-01	-2.94406898e-02	-5.20496778e-02	
-5.16418517e-01	-3.56281234e-04	7.59570375e-02	1.18105865e+00	2.36090422e-02	-1.03977013e+00	-3.00718427e-01	-3.73278633e-02	6.59822598e-02	3.23996553e-03	-1.63796097e-01	6.90334588e-02	-1.88604236e-01	2.85431474e-01	-2.36075651e-02	-8.21163878e-02	-1.32467240e-01	-6.07722066e-02	8.10381770e-02	-2.67896652e-01	-1.02726668e-01	-1.98364034e-01	2.04583347e-01	1.74818903e-01	3.85988727e-02	
1.31593063e-01	-1.80898830e-01	-4.42807190e-02	-5.44096874e-05	-1.22712903e-01	5.37853092e-02	-6.64593419e-03	-1.35257961e-02	-1.46272585e-01	9.98463631e-02	-1.63482912e-02	-1.29948243e-01	-1.91078335e-01	-7.98953474e-02	-1.42783429e-02	-3.66542349e-03	1.59610398e-02	6.80686012e-02	2.04544738e-02	-6.77860752e-02	6.64659888e-02	-2.13770345e-01	-8.18089023e-02	1.28841832e-01	-1.35305017e-01	
1.39113814e-01	-1.02416864e-02	-1.06967213e-02	7.24835917e-02	-1.24211863e-01	1.30165488e-01	-2.29364812e-01	-1.63209781e-01	-2.64689308e-02	3.26113706e-03	1.69396922e-01	1.78600505e-01	2.68161178e-01	5.56539595e-01	-1.97688296e-01	7.99560770e-02	2.64453799e-01	-1.43600091e-01	2.52792761e-02	4.09120798e-01	-3.69469523e-02	-8.99284631e-02	-4.32640642e-01	-1.22246675e-01	2.87404507e-01	
2.18247026e-01	6.99135512e-02	-4.50494280e-03	8.08007121e-02	1.23501085e-01	2.89796174e-01	1.53449729e-01	-4.73181270e-02	-3.99991050e-02	-6.68316111e-02	8.18472877e-02	1.61561964e-03	-1.21756241e-01	4.46466863e-01	-4.51963283e-02	5.39429672e-02	1.08274922e-01	1.11537576e-01	6.86674472e-03	1.69705451e-01	1.74020335e-01	9.94676277e-02	-1.02778040e-01	1.15605883e-01	2.31142119e-01	
-4.36521769e-02	-1.97767019e-02	7.95537457e-02	-3.38759907e-02	-1.76556036e-01	5.08761406e-02	3.73948589e-02	-1.81399330e-01	-6.43586889e-02	1.23618484e-01	-3.43243368e-02	1.15631841e-01	1.34238362e-01	1.15926959e-01	2.93637756e-02	-1.06159046e-01	-4.91314419e-02	-1.60936601e-02	5.57307713e-02	7.07757026e-02	-7.30139241e-02	-4.20698188e-02	2.58636486e-04	-1.95795178e-01	-1.16278745e-01	
3.74470651e-02	4.69902158e-02	3.12917009e-02	2.44275734e-01	9.89229903e-02	3.84775519e-01	-4.42236587e-02	-1.26582697e-01	1.72666967e-01	6.81018159e-02	1.81613967e-01	-6.39978200e-02	-6.05410896e-02	4.86124307e-01	1.36234432e-01	6.58160448e-02	3.24020743e-01	1.19272016e-01	-3.48551571e-02	5.40904224e-01	2.81033039e-01	6.42611980e-02	4.66513820e-03	9.10403281e-02	1.81615710e-01	
-2.57805377e-01	1.51037082e-01	1.49498461e-02	3.23620290e-02	-1.42460942e-01	3.01354155e-02	2.50047952e-01	-1.04441337e-01	-1.81966260e-01	2.83879042e-02	-1.91112190e-01	-1.15400009e-01	1.34810016e-01	-1.45554101e+00	-1.00053385e-01	1.66344091e-01	2.31936112e-01	-1.54750749e-01	1.75312176e-01	-1.17605245e+00	3.22513103e-01	2.60902405e-01	4.62455809e-01	1.30566150e-01	-1.14029422e-01	
1.62478790e-01	1.37187257e-01	-1.04888819e-01	1.70470104e-01	-3.65579613e-02	3.50530706e-02	-1.87627301e-01	-1.99770257e-01	6.96294978e-02	7.40833804e-02	-2.51121055e-02	-7.47832805e-02	-1.03312679e-01	7.90056467e-01	-2.69980550e-01	1.83555871e-01	-3.51694189e-02	3.19210552e-02	9.66015458e-02	3.46020609e-01	7.22335204e-02	1.19513020e-01	-3.01759869e-01	-4.79432121e-02	2.76798587e-02	
2.90565073e-01	-1.84175953e-01	1.70395359e-01	-1.98593944e-01	1.51782468e-01	4.03716825e-02	-1.83725264e-02	8.37659871e-04	1.54598579e-01	5.20196930e-02	1.13528468e-01	6.53207302e-02	-1.45961225e-01	2.32651329e+00	-4.72165681e-02	-1.57807931e-01	2.36516654e-01	1.42609790e-01	9.37243029e-02	-2.32143551e-01	-1.63327111e-03	8.42298418e-02	-1.15641534e+00	-1.13400772e-01	2.95611680e-01	
-1.48180798e-01	-1.28386263e-02	-1.56879619e-01	-1.22040533e-01	1.63303852e-01	8.26895460e-02	-1.93095401e-01	-4.08867858e-02	6.85016662e-02	2.38590725e-02	-1.61074981e-01	-9.11472812e-02	7.41529018e-02	1.45200953e-01	9.35781971e-02	9.29511786e-02	-1.46382436e-01	-4.40828800e-02	8.60175416e-02	-9.78517532e-02	-6.76092133e-02	-1.21448278e-01	-5.20780347e-02	1.35779172e-01	1.48416191e-01	
1.05448537e-01	-5.09523638e-02	1.00098327e-01	-1.56740531e-01	-2.83430107e-02	1.14847064e-01	6.42930046e-02	1.69527054e-01	1.49113774e-01	-1.03336215e-01	1.77550793e-01	1.40543565e-01	1.03473686e-01	1.64136931e-01	-1.51003033e-01	2.67229090e-03	-5.32190315e-02	1.51919529e-01	-1.17041565e-01	3.47930677e-02	4.95885387e-02	-1.59005150e-01	-8.38270187e-02	4.37153578e-02	-1.23745039e-01	
-2.65694082e-01	1.97626159e-01	7.38218352e-02	7.24802315e-02	1.52193338e-01	-1.31761909e-01	3.34241278e-02	1.63034469e-01	1.92950830e-01	1.38126597e-01	-8.73637721e-02	-1.06921770e-01	-9.55492780e-02	-6.68275237e-01	3.90223041e-02	2.32551107e-03	2.94585317e-01	-1.47410274e-01	2.10821822e-01	-6.80328608e-01	3.06730270e-01	2.27670461e-01	4.44025308e-01	1.38596877e-01	-1.40395492e-01	
-2.85916682e-02	1.00510031e-01	1.59194142e-01	3.13431839e-03	-1.01782061e-01	1.42191887e-01	3.56788412e-02	7.96937943e-02	-6.04230464e-01	-1.71124980e-01	1.12155728e-01	-1.18920304e-01	1.60338640e-01	-2.66309619e+00	2.39666000e-01	-9.41722393e-02	1.95361361e-01	1.94203213e-01	9.57299992e-02	6.69368088e-01	8.34629014e-02	-9.20055509e-02	3.64443332e-01	6.79366365e-02	1.24150030e-01	
-1.78886324e-01	-9.44488570e-02	-1.32200360e-01	2.55196579e-02	4.75826263e-02	3.52459662e-02	-8.51399917e-03	-8.18524361e-02	-1.35682270e-01	-2.23946813e-02	-5.09489067e-02	-6.65260553e-02	3.03149223e-02	-6.09091297e-02	-1.61068682e-02	1.59645364e-01	-1.58260584e-01	-1.70215532e-01	-1.39491826e-01	9.89657417e-02	1.62514448e-02	-1.05065517e-01	7.97312036e-02	1.41842365e-01	-1.07002549e-01	
-1.38156220e-01	-1.04769900e-01	7.42050186e-02	6.88937902e-02	1.40906215e-01	-5.38113117e-02	-1.68519601e-01	1.22460224e-01	-2.35536825e-02	-1.68072090e-01	-5.04748821e-02	1.63628921e-01	8.66922364e-02	4.29871790e-02	-1.35149792e-01	-1.16184592e-01	-1.97873995e-01	4.54098471e-02	1.60186276e-01	-1.30716398e-01	-8.59097466e-02	-3.43642719e-02	5.65569177e-02	-1.04439192e-01	1.92691609e-01	
1.90790579e-01	3.56405438e-03	6.59116060e-02	-2.32446924e-01	1.33052543e-01	-5.61731346e-02	3.65548134e-01	-5.78825772e-01	-1.84948027e+00	1.85035810e-01	-3.94896775e-01	-7.41729811e-02	3.63574270e-03	-1.09788597e-01	3.52816284e-02	1.64643914e-01	-6.92064241e-02	4.03856695e-01	1.68992709e-02	-3.00751001e-01	-1.74341276e-01	1.52555421e-01	4.45338696e-01	5.28243184e-01	1.13752984e-01	
-7.43879825e-02	-1.07105732e-01	1.69443134e-02	1.77111343e-01	-2.26803310e-02	-2.67827045e-02	6.77691028e-02	-1.11834049e-01	6.13055239e-03	8.10248181e-02	1.22585064e-02	-8.51041079e-02	-8.54995996e-02	4.14426327e-02	1.31533146e-02	1.73460111e-01	-1.88398480e-01	1.09653257e-01	-9.26868245e-02	-4.69794981e-02	1.29298091e-01	1.85750365e-01	-3.39174978e-02	-1.93149552e-01	1.46679403e-02	
-1.98302016e-01	-2.13887259e-01	2.75089685e-02	-4.49854918e-02	-1.30422145e-01	-1.06187396e-01	1.16640955e-01	8.97770971e-02	-2.05182686e-01	-2.12307572e-01	-4.97941673e-02	-1.10022403e-01	1.94837928e-01	-1.18586481e-01	1.46702096e-01	-5.52823059e-02	-3.98758687e-02	-1.58873677e-01	-8.34890679e-02	6.91216290e-02	1.26758024e-01	1.70656547e-01	-3.74230265e-04	-1.38189331e-01	-9.90183577e-02	
1.26969025e-01	1.68058410e-01	-7.08824098e-02	-2.62718379e-01	4.80267853e-02	-9.24751759e-02	2.95350015e-01	-6.42439604e-01	-1.95085061e+00	3.81878346e-01	-5.24360836e-01	6.44312799e-02	-1.62203401e-01	3.36167030e-02	-1.33480728e-01	-1.84889078e-01	1.66240886e-01	5.12230873e-01	-1.36758745e-01	-5.25433898e-01	-8.22171941e-02	4.94089117e-03	4.46261525e-01	3.59202355e-01	6.44732937e-02	
-1.97127089e-01	-1.99539617e-01	7.88350124e-03	9.25069824e-02	1.32083014e-01	8.38613287e-02	-1.08081415e-01	-4.06581648e-02	2.78427135e-02	-5.92229376e-03	-4.64710258e-02	9.34930816e-02	1.37219235e-01	4.43998352e-02	-1.39809594e-01	-1.21466659e-01	-1.34280711e-01	1.10377192e-01	-1.11476086e-01	7.41636977e-02	1.10966064e-01	-1.80499583e-01	-9.22026634e-02	1.89893529e-01	1.76984102e-01	
-1.71829805e-01	-1.12259723e-01	-3.24847712e-03	-1.22358136e-01	1.10117793e-01	-1.86978489e-01	6.16282709e-02	1.22613914e-03	-1.47160411e-01	1.73124179e-01	1.37279347e-01	1.21745802e-01	5.21405451e-02	-1.39751554e-01	-1.14690900e-01	-1.84216693e-01	-4.38971780e-02	-2.35400442e-02	-5.16957305e-02	-7.10565373e-02	3.72892134e-02	-8.68317857e-02	-1.79507837e-01	-1.19977139e-01	7.25682303e-02	
-1.79631382e-01	7.06575513e-02	2.63752252e-01	-6.77800775e-01	2.03764752e-01	-1.53383777e-01	6.93146884e-02	3.13223004e-01	6.78950191e-01	-4.15720493e-02	-5.56540072e-01	2.95225888e-01	-8.76667425e-02	2.88681507e-01	2.70369112e-01	1.29584551e-01	8.27932879e-02	-5.75053804e-02	8.64874795e-02	3.07891518e-01	1.14881970e-01	-5.55036077e-03	-1.22485876e-01	-4.55877244e-01	1.11961132e-02	
3.99736650e-02	2.15556603e-02	1.17394820e-01	-1.00820951e-01	-2.12962583e-01	-5.10452054e-02	4.14308637e-01	-5.49950957e-01	-1.78060210e+00	1.65946394e-01	2.70439118e-01	-2.57358626e-02	-1.60416394e-01	-1.62223011e-01	-1.28605127e-01	1.62304148e-01	5.41235842e-02	3.74304682e-01	-2.15542894e-02	-3.33967865e-01	1.56040147e-01	-1.31320387e-01	2.09400818e-01	2.35585868e-01	-1.60844877e-01	
-1.55760676e-01	4.46290523e-02	-2.74234321e-02	7.55859092e-02	-1.89780906e-01	1.80102333e-01	1.23236977e-01	8.93641338e-02	-5.90927005e-01	2.10907996e-01	6.39507651e-01	-2.18366459e-01	-1.42436940e-02	-2.89241046e-01	1.67802915e-01	-1.31121442e-01	-5.77452108e-02	2.97879368e-01	-1.95692092e-01	-3.36098254e-01	1.67642817e-01	-4.15442698e-02	1.32856742e-01	8.16360712e-02	1.41753748e-01	
1.48765728e-01	-1.70984298e-01	-1.34609476e-01	8.19032490e-02	-1.17178164e-01	2.35664137e-02	1.12521984e-01	9.51462984e-02	-3.79420668e-02	1.27220005e-01	1.89114027e-02	-1.45068886e-02	-8.23155865e-02	-1.99691802e-01	-8.50065127e-02	-8.14602431e-03	3.36992480e-02	8.89570341e-02	-9.61669907e-02	-5.77543490e-02	2.92651653e-02	1.74614433e-02	-2.00236261e-01	-1.33105412e-01	-1.06627941e-02	
-6.39787912e-02	-1.39924407e-01	8.31033736e-02	-1.31803679e+00	-9.66302082e-02	-1.26593739e-01	2.32561469e-01	2.63729751e-01	7.17951119e-01	1.25709146e-01	-7.71684170e-01	5.14953315e-01	-7.00078905e-02	6.19085804e-02	2.00210452e-01	3.78764383e-02	2.65344918e-01	-1.05515808e-01	-6.10608831e-02	5.47123134e-01	1.31189033e-01	1.93898305e-01	6.58875629e-02	-4.12598580e-01	-1.41611964e-01	
-1.06009297e-01	9.81994625e-03	-1.24721564e-01	3.71942997e-01	8.92412066e-02	6.76395884e-03	-1.62220374e-02	-9.24683690e-01	4.84570377e-02	1.02759577e-01	1.88917279e-01	-1.73602238e-01	-1.98853418e-01	3.88442427e-02	6.30689859e-02	-2.64004469e-02	-1.68209448e-01	6.23089969e-01	4.24501821e-02	1.78319126e-01	3.86781208e-02	1.10104397e-01	-1.46550089e-01	-8.86181951e-01	-1.50549248e-01	
1.33823082e-01	-1.14080496e-01	-2.07087785e-01	-8.53670463e-02	-5.68852499e-02	5.24264835e-02	9.01570097e-02	-1.21184140e-01	-1.55769885e-01	1.39490794e-02	1.13496780e-02	-1.18368939e-01	7.37867132e-02	-3.87921110e-02	1.09203838e-01	-1.51418835e-01	-4.45392542e-02	-1.28056437e-01	-1.71515867e-01	9.65726525e-02	6.02285638e-02	-3.75140682e-02	-8.93535241e-02	1.73707828e-01	1.90484211e-01	
1.45915061e-01	3.84187885e-02	-1.91271931e-01	3.63643430e-02	-4.21533994e-02	1.80319354e-01	1.05616532e-01	7.03593493e-02	-7.46036708e-01	1.92847520e-01	5.96276164e-01	1.01825781e-01	1.53246954e-01	-1.86500371e-01	5.27106225e-02	1.07118107e-01	4.23617698e-02	9.69542377e-03	1.19935766e-01	-5.10287881e-01	1.88491493e-01	-2.76779663e-02	3.01366240e-01	3.29916358e-01	-5.79905026e-02	
6.61998019e-02	8.44347849e-02	3.30745250e-01	-4.18346375e-01	2.91195899e-01	1.63439631e-01	1.19796135e-01	7.20105916e-02	5.75391173e-01	-2.67771184e-01	-4.49403256e-01	3.78271848e-01	2.06877097e-01	9.17721018e-02	2.27988154e-01	1.87586948e-01	3.20372254e-01	-1.74396574e-01	1.32220417e-01	2.43093908e-01	1.95596963e-01	-5.01759760e-02	-2.16571003e-01	-2.08759815e-01	7.61701390e-02	
-5.05475774e-02	2.25915223e-01	1.13627471e-01	-1.69199154e-01	2.62154698e-01	1.97571050e-02	-5.23506068e-02	2.37222463e-01	6.83880329e-01	-2.21185699e-01	-3.36935461e-01	4.10155088e-01	-1.37345031e-01	7.03542382e-02	2.63796926e-01	-5.94713688e-02	2.72549510e-01	-2.10935175e-01	2.92064369e-01	2.45575890e-01	-4.87402678e-02	-1.72447905e-01	-6.64631352e-02	-3.20423305e-01	-1.72352325e-02	
-8.66491795e-02	3.24610546e-02	2.75380194e-01	-9.72415268e-01	1.85952172e-01	4.95046377e-02	1.10105257e-02	4.89884652e-02	8.48021567e-01	-2.83731163e-01	-2.37116888e-01	5.62058091e-01	-1.20318301e-01	3.00653696e-01	3.12540174e-01	-1.91865683e-01	1.31695747e-01	1.01663366e-01	-7.72731239e-03	3.03664982e-01	-2.14855671e-02	7.83861876e-02	-1.52538538e-01	-1.09423287e-01	-1.19036533e-01	
-8.83529708e-02	1.54593289e-01	-1.30762354e-01	-1.58493277e-02	-5.73967397e-02	5.19765131e-02	-9.38147008e-02	-1.27437383e-01	-7.30083138e-02	-1.25849485e-01	-1.06472351e-01	5.90378307e-02	-2.53927708e-03	-6.42003641e-02	4.15804051e-02	1.12073426e-03	8.89411718e-02	-1.68856934e-01	5.91468215e-02	9.67174023e-02	-7.07892925e-02	-1.02354579e-01	-4.29950096e-02	6.92390576e-02	-5.23823760e-02	
1.39169887e-01	-7.67565519e-02	-9.20236111e-03	-1.78377151e-01	1.84974913e-02	-1.77962705e-01	-1.61945820e-01	-6.99228048e-02	1.65110230e-01	-1.75603300e-01	-1.57846689e-01	1.87459350e-01	-5.62593946e-03	-1.23561457e-01	-1.65704023e-02	-3.99657004e-02	-1.18054084e-01	1.46313831e-01	-1.85620412e-01	-1.53903767e-01	-1.24104574e-01	-3.46641801e-02	1.07815742e-01	1.48924217e-01	-1.36859402e-01	
-1.74158812e-02	4.83350717e-02	1.79571912e-01	-5.54407418e-01	3.06799680e-01	7.30184093e-02	-5.45547269e-02	4.16177899e-01	7.07027733e-01	6.63750544e-02	-5.31986535e-01	5.68878949e-01	1.02738455e-01	1.75934747e-01	1.53612122e-01	-1.76783472e-01	8.11803266e-02	-3.81632261e-02	2.45669618e-01	5.62726200e-01	-8.27802643e-02	7.74473920e-02	-9.73898768e-02	-2.75991976e-01	8.16145465e-02	
2.88624056e-02	-1.07751392e-01	2.02487241e-02	7.08806738e-02	-3.05128582e-02	-5.50419092e-02	-9.32921395e-02	-1.95467710e-01	-6.79445267e-03	1.20300822e-01	1.84387922e-01	3.42684053e-02	1.65392041e-01	-1.15717106e-01	-1.77257940e-01	1.39054164e-01	-1.30672559e-01	-1.01728201e-01	1.05681181e-01	1.06535695e-01	-1.54883489e-01	-1.27991229e-01	9.02309641e-02	1.27992198e-01	-1.38186887e-01	
-4.01334763e-02	-4.10054587e-02	-1.76957380e-02	6.12585962e-01	-2.20417544e-01	6.25775382e-02	1.87476858e-01	2.52225380e-02	-1.00109410e+00	-1.08136702e-02	8.04903924e-01	3.67696993e-02	-1.30317837e-01	3.63811255e-02	-5.53947687e-03	1.04029678e-01	8.00328031e-02	1.94468766e-01	-1.34426370e-01	-5.24657249e-01	1.82179436e-01	1.18251443e-01	3.02819818e-01	3.73239070e-01	-1.56804606e-01	
-7.75714666e-02	1.47630289e-01	9.50675681e-02	-5.04463911e-01	2.60559052e-01	3.12858336e-02	4.28603105e-02	1.79994181e-01	3.89970303e-01	-1.19984135e-01	-3.56606811e-01	5.55240452e-01	-6.96837604e-02	2.46252716e-01	9.65108424e-02	-6.16684444e-02	2.12128371e-01	2.89495718e-02	8.11935123e-03	4.94732589e-01	1.84267294e-02	-6.14184402e-02	-5.85798547e-02	-2.98053026e-01	1.53142527e-01	
6.74093738e-02	-1.92159340e-02	1.90232113e-01	4.70464468e-01	3.69572639e-01	7.12373778e-02	-2.31450237e-02	-1.05507344e-01	2.13805377e-01	6.99894309e-01	-3.87441106e-02	-4.11055714e-01	4.44087721e-02	3.66003335e-01	-1.13255516e-01	-1.73132941e-01	1.37888789e-01	-1.13414955e+00	1.57965109e-01	6.72584951e-01	-1.79127812e-01	-4.46678177e-02	-6.54673576e-01	-3.93106729e-01	-4.32100780e-02	
1.51533201e-01	-5.67870498e-01	-6.21774681e-02	-9.01961774e-02	-5.35652876e-01	-1.66101575e-01	1.39883623e-01	2.38172457e-01	-5.09836376e-01	-4.89928633e-01	1.78709384e-02	8.52218509e-01	3.17007661e+00	-5.49108461e-02	-4.64172423e-01	2.58215845e-01	3.14003795e-01	3.72018486e-01	-6.81294948e-02	-3.35376039e-02	3.71221989e-01	2.63819229e-02	-5.97576261e-01	3.88174713e-01	-5.73423386e-01	
1.37994617e-01	
8.40252399e-01	
4.71654922e-01	
3.85046303e-01	
4.83785808e-01	
-1.71628341e-01	
-3.13074797e-01	
1.94378987e-01	
9.01286006e-01	
-4.65081602e-01	
-6.12315834e-01	
1.35738388e-01	
3.53848666e-01	
9.95601952e-01	
-8.30794513e-01	
-2.11967126e-01	
-4.12250400e-01	
2.06114188e-01	
-1.42345175e-01	
-3.26850682e-01	
2.31316701e-01	
-2.91896403e-01	
4.19082493e-01	
-3.28270584e-01	
4.52107489e-02	
-6.30620047e-02	
3.17391396e-01	
2.19688401e-01	
2.73029834e-01	
1.55553177e-01	
2.78630271e-03	
6.30315393e-02	
-7.95482770e-02	
3.27076107e-01	
-2.14284182e-01	
1.75317705e-01	
2.01410055e-01	
4.56172675e-02	
1.54689342e-01	
1.90484166e-01	
-1.64937660e-01	
2.25252792e-01	
-1.96874633e-01	
8.42908397e-02	
9.95740145e-02	
-3.00908573e-02	
-1.08461715e-01	
-2.04758763e-01	
-3.16114128e-01	
1.26218438e-01	
3.49380486e-02	
8.46238732e-02	
1.88004971e-02	
-1.16833739e-01	
2.50587732e-01	
-1.05183296e-01	
-1.79730341e-01	
1.54173851e-01	
1.25025928e-01	
8.21201801e-02	
-4.15453725e-02	
-1.62023857e-01	
-2.78874695e-01	
9.16817561e-02	
2.25329623e-01	
2.13691697e-01	
2.21356750e-01	
-4.05437425e-02	
-1.43381268e-01	
-1.41485810e-01	
1.42437622e-01	
6.73077852e-02	
6.80878460e-02	
4.15169522e-02	
-2.99010500e-02	
3.29192318e-02	
