BETA = 10.00
NEXIT = 10000
Milestones:
2.0000e-02
7.0526e-02
1.2105e-01
1.7158e-01
2.2211e-01
2.7263e-01
3.2316e-01
3.7368e-01
4.2421e-01
4.7474e-01
5.2526e-01
5.7579e-01
6.2632e-01
6.7684e-01
7.2737e-01
7.7789e-01
8.2842e-01
8.7895e-01
9.2947e-01
9.8000e-01
Run 0: from min 0 to min 1
0	5.9049e+01
1	8.1744e-02
2	5.3149e-01
3	6.5151e-01
4	6.9109e-01
5	7.3411e-01
6	7.7357e-01
7	8.0147e-01
8	8.2061e-01
9	8.3333e-01
10	8.4524e-01
11	8.4875e-01
12	8.4774e-01
13	8.4631e-01
14	8.4660e-01
15	8.4303e-01
16	8.4211e-01
17	8.2082e-01
18	7.7495e-01
19	6.5244e-01
Escape_rate = 4.6156e-02
CPU time = 41.6956
Run 1: from min 0 to min 1
0	5.8614e+01
1	8.2707e-02
2	5.3348e-01
3	6.5020e-01
4	6.8961e-01
5	7.3465e-01
6	7.5171e-01
7	7.9359e-01
8	8.1334e-01
9	8.2926e-01
10	8.3507e-01
11	8.3808e-01
12	8.3864e-01
13	8.4260e-01
14	8.3500e-01
15	8.2781e-01
16	8.2488e-01
17	7.9428e-01
18	7.4599e-01
19	6.1954e-01
Escape_rate = 3.5480e-02
CPU time = 40.4417
Run 2: from min 0 to min 1
0	5.5792e+01
1	8.0397e-02
2	5.2751e-01
3	6.5011e-01
4	6.8644e-01
5	7.3308e-01
6	7.6453e-01
7	7.9542e-01
8	8.1235e-01
9	8.3745e-01
10	8.4182e-01
11	8.4055e-01
12	8.4388e-01
13	8.4452e-01
14	8.3787e-01
15	8.3591e-01
16	8.2939e-01
17	8.1321e-01
18	7.7495e-01
19	6.5125e-01
Escape_rate = 3.8501e-02
CPU time = 41.6588
Run 3: from min 0 to min 1
0	5.8381e+01
1	8.1503e-02
2	5.4118e-01
3	6.5772e-01
4	6.9793e-01
5	7.3806e-01
6	7.6581e-01
7	7.9573e-01
8	8.1706e-01
9	8.3022e-01
10	8.3745e-01
11	8.4189e-01
12	8.4310e-01
13	8.4767e-01
14	8.4005e-01
15	8.4681e-01
16	8.3340e-01
17	8.1374e-01
18	7.6669e-01
19	6.3448e-01
Escape_rate = 4.2646e-02
CPU time = 39.1066
Run 4: from min 0 to min 1
0	6.1786e+01
1	8.2939e-02
2	5.3507e-01
3	6.6291e-01
4	7.0244e-01
5	7.4599e-01
6	7.7232e-01
7	8.0373e-01
8	8.3202e-01
9	8.4595e-01
10	8.4940e-01
11	8.5186e-01
12	8.5150e-01
13	8.4760e-01
14	8.5034e-01
15	8.4581e-01
16	8.4034e-01
17	8.1633e-01
18	7.7525e-01
19	6.5669e-01
Escape_rate = 5.4587e-02
CPU time = 39.6771
Run 5: from min 0 to min 1
0	6.3427e+01
1	8.0178e-02
2	5.2851e-01
3	6.4779e-01
4	6.8818e-01
5	7.3812e-01
6	7.6994e-01
7	8.0425e-01
8	8.3188e-01
9	8.4034e-01
10	8.4882e-01
11	8.5056e-01
12	8.5222e-01
13	8.5778e-01
14	8.4467e-01
15	8.5172e-01
16	8.5048e-01
17	8.2481e-01
18	7.8009e-01
19	6.7797e-01
Escape_rate = 5.3929e-02
CPU time = 39.6811
Run 6: from min 0 to min 1
0	6.3307e+01
1	8.2727e-02
2	5.4555e-01
3	6.5113e-01
4	7.0244e-01
5	7.4167e-01
6	7.6640e-01
7	8.0026e-01
8	8.2850e-01
9	8.3696e-01
10	8.4998e-01
11	8.5121e-01
12	8.5092e-01
13	8.5244e-01
14	8.4667e-01
15	8.4767e-01
16	8.3647e-01
17	8.1248e-01
18	7.6652e-01
19	6.3702e-01
Escape_rate = 5.1522e-02
CPU time = 40.2116
Run 7: from min 0 to min 1
0	5.8842e+01
1	8.0943e-02
2	5.3703e-01
3	6.5445e-01
4	6.9391e-01
5	7.3833e-01
6	7.6517e-01
7	8.0665e-01
8	8.2994e-01
9	8.3063e-01
10	8.3822e-01
11	8.4962e-01
12	8.4218e-01
13	8.3963e-01
14	8.4374e-01
15	8.4509e-01
16	8.2864e-01
17	8.0535e-01
18	7.6283e-01
19	6.3020e-01
Escape_rate = 4.2038e-02
CPU time = 40.5604
Run 8: from min 0 to min 1
0	5.9237e+01
1	7.9758e-02
2	5.3591e-01
3	6.3735e-01
4	6.9391e-01
5	7.2924e-01
6	7.6570e-01
7	7.8958e-01
8	8.1037e-01
9	8.2413e-01
10	8.3689e-01
11	8.3640e-01
12	8.3886e-01
13	8.3084e-01
14	8.1633e-01
15	8.1546e-01
16	8.0276e-01
17	7.8180e-01
18	7.2213e-01
19	5.8143e-01
Escape_rate = 2.8215e-02
CPU time = 41.1985
Run 9: from min 0 to min 1
0	5.9868e+01
1	8.3567e-02
2	5.4882e-01
3	6.5937e-01
4	7.0796e-01
5	7.4632e-01
6	7.7346e-01
7	8.1116e-01
8	8.3445e-01
9	8.3215e-01
10	8.4746e-01
11	8.5215e-01
12	8.5034e-01
13	8.4638e-01
14	8.4161e-01
15	8.4624e-01
16	8.4196e-01
17	8.1064e-01
18	7.6511e-01
19	6.3804e-01
Escape_rate = 5.1400e-02
CPU time = 40.9609
Escape rate vector:
4.6156e-02
3.5480e-02
3.8501e-02
4.2646e-02
5.4587e-02
5.3929e-02
5.1522e-02
4.2038e-02
2.8215e-02
5.1400e-02
Mean escape rate = 4.4447e-02
Standard deviation = 8.7071e-03
