6.60072744e-01	6.60996020e-01	
5.20280302e-01	4.18371558e-01	
-1.41478956e-01	2.67683387e-01	
5.75343072e-01	-1.08528651e-01	
-7.00313807e-01	3.02805871e-01	
2.77006119e-01	4.79937464e-01	
5.57037413e-01	-1.93591826e-02	
2.81313621e-02	-7.64601171e-01	
3.06453913e-01	-3.29730034e-01	
-7.20725432e-02	1.10755004e-01	
-6.11710370e-01	3.46728377e-02	
-5.32342434e-01	-2.17059642e-01	
5.46790659e-01	-7.32745826e-01	
-5.15803337e-01	-5.41920364e-02	
3.36371779e-01	-1.92964464e-01	
6.47802949e-01	3.91463548e-01	
6.18187904e-01	1.35465786e-01	
-6.07120283e-02	-1.97126791e-01	
8.89066085e-02	5.72112143e-01	
-2.69968629e-01	-2.67350823e-01	
3.98383707e-01	1.08951592e+00	
5.69805205e-01	8.55930328e-01	
4.23963636e-01	-7.98727930e-01	
-1.30973250e-01	3.88627946e-02	
4.15460229e-01	-1.15941176e-02	
-8.83148238e-02	1.09584592e-01	
-1.17176666e-03	4.80073653e-02	
-2.10128754e-01	2.72291809e-01	
2.69719183e-01	-5.11597693e-01	
1.56416576e-02	-5.87502956e-01	
6.80965960e-01	-4.61245120e-01	
6.46937311e-01	3.50129247e-01	
-1.42139733e-01	2.51265526e-01	
-2.31333107e-01	-3.93439829e-01	
-4.55826432e-01	4.58908439e-01	
3.49875927e-01	9.99653459e-01	
4.79793936e-01	4.14849550e-01	
-5.41355073e-01	5.43710947e-01	
1.03248738e-01	5.07206619e-01	
-1.66534424e-01	5.22534102e-02	
-7.45786056e-02	5.97126149e-02	4.55148369e-02	5.74217737e-02	8.96450728e-02	-1.75744749e-03	-1.15042254e-01	6.70867860e-02	1.18122436e-01	-1.46087810e-01	7.07215428e-01	-1.46366581e-01	8.23363587e-02	-1.30916536e-01	3.97070087e-02	-5.20642288e-02	3.20826955e-02	-4.44274023e-02	1.84164226e-01	-3.99089903e-02	-1.10646673e-01	3.40183675e-01	-1.86358877e-02	-1.28288735e-02	-7.94873908e-02	-7.99996480e-02	-1.56758249e-01	1.41815124e-02	5.17331064e-02	1.20695673e-01	1.33479953e-01	5.22879004e-01	-1.09040588e-01	-1.70648247e-01	-1.20749086e-01	-4.04526532e-01	-2.48847138e-02	6.70410842e-02	1.08168900e-01	-1.31807208e-01	
-6.90977871e-02	-1.36393875e-01	4.98758480e-02	-5.38059026e-02	7.82450959e-02	-1.35159850e-01	-1.62727684e-02	-1.26507804e-01	1.79559905e-02	-3.70135531e-02	-1.14336491e-01	1.54623449e-01	1.43590927e-01	-3.25278006e-02	-8.15080553e-02	9.91412625e-02	1.05283074e-01	-2.20888015e-02	3.05217411e-02	-1.42077461e-01	-5.40976413e-02	-1.07878588e-01	-1.25864998e-01	-1.09469488e-01	8.68288204e-02	-8.85306820e-02	8.73202980e-02	1.34288654e-01	-1.34809256e-01	-8.69972184e-02	-1.01449318e-01	6.72739223e-02	-1.57063499e-01	4.18472290e-02	5.13329990e-02	-7.59777725e-02	-5.97008541e-02	-8.10395926e-02	1.51429743e-01	-7.63183683e-02	
-1.55539915e-01	1.82773974e-02	-1.53732151e-01	2.55707297e-02	-5.24554364e-02	2.41754204e-02	-1.57313704e-01	1.73385087e-02	-1.31724864e-01	7.15094954e-02	-6.14079572e-02	-1.29463658e-01	1.90789741e-03	2.67597213e-02	1.37938410e-01	2.74727084e-02	-8.64815190e-02	-5.46240844e-02	7.95342848e-02	-8.11079741e-02	-2.30683461e-02	1.11460455e-01	-7.23206773e-02	-1.53644636e-01	1.47164360e-01	-1.37651742e-01	1.36990309e-01	1.21920526e-01	1.53055400e-01	6.49686754e-02	-1.53803468e-01	-4.13058773e-02	-2.69919932e-02	-3.44056748e-02	1.11249313e-01	1.56378388e-01	1.02015454e-02	1.15794346e-01	8.94988626e-02	3.51135917e-02	
1.21584617e-01	1.81472242e-01	-1.55524120e-01	6.87367171e-02	-1.67037621e-02	7.16202483e-02	-9.96691659e-02	-5.91715351e-02	9.44855958e-02	-1.35047272e-01	6.72287822e-01	1.24558546e-01	1.09960392e-01	-1.66375637e-01	-1.26795215e-03	1.01475835e-01	1.29017055e-01	-4.99561615e-02	-5.55608384e-02	3.44215743e-02	-8.20832178e-02	3.25607419e-01	-2.59830995e-04	1.63298578e-03	3.12136151e-02	-1.04993105e-01	-1.40935794e-01	-1.16943717e-01	1.07717499e-01	-2.08333377e-02	8.10811594e-02	3.47327173e-01	1.30327106e-01	8.29049572e-02	-1.29893780e-01	-1.14814177e-01	3.19158733e-02	4.30603847e-02	-7.36835897e-02	1.21116050e-01	
1.71238840e-01	2.06832215e-01	-1.19900443e-01	1.38281479e-01	5.94271906e-02	-8.43126774e-02	1.62188455e-01	5.11229178e-03	-9.02458057e-02	3.61493975e-02	6.61179185e-01	-1.27332255e-01	1.37056798e-01	6.21655174e-02	-9.26308781e-02	7.92922229e-02	1.49109200e-01	-1.14798777e-01	1.36933967e-01	-9.98378769e-02	-2.45974272e-01	3.79963756e-01	-4.89963591e-02	1.35663599e-01	3.88939567e-02	-1.34465039e-01	5.17094620e-02	-2.91602090e-02	3.04575656e-02	-1.09362774e-01	1.13293439e-01	3.40399951e-01	-9.59687382e-02	-3.78810577e-02	1.07713290e-01	-2.80146241e-01	7.60503262e-02	-2.57459842e-02	1.54422387e-01	1.14920028e-01	
-2.09679604e-01	-2.86073182e-02	-1.66039784e-02	4.11714055e-02	3.83297168e-02	-6.09836914e-02	-7.11644590e-02	2.21394598e-01	9.54540893e-02	-1.17303669e-01	1.47663462e+00	-1.23468153e-01	1.35992870e-01	-6.07223883e-02	3.32979411e-02	-1.03267483e-01	-6.76277876e-02	2.33942959e-02	-7.04039216e-01	-2.43690714e-01	7.23264873e-01	-1.05159450e+00	1.33450925e-01	-4.31791395e-01	1.68672398e-01	-1.23290226e-01	1.25921994e-01	1.05960138e-01	2.06434727e-01	9.77827162e-02	1.54889211e-01	-1.50576484e+00	-1.42268211e-01	-9.30147469e-02	-8.27395692e-02	5.63734993e-02	-1.92961589e-01	7.04565123e-02	-1.30219579e-01	-9.54477936e-02	
-1.50092885e-01	1.22854874e-01	1.58007324e-01	7.98840746e-02	1.53418452e-01	-1.06196314e-01	-1.49935439e-01	-1.40365705e-01	-1.21282917e-02	1.31845316e-02	-1.24604084e-01	-4.40102443e-02	-2.46231519e-02	1.50864899e-01	6.57381713e-02	4.87703942e-02	8.04734528e-02	9.16461945e-02	7.18951002e-02	-5.07421680e-02	1.35907367e-01	1.03780314e-01	2.19185967e-02	-6.74755033e-03	-7.17560872e-02	-1.24050975e-01	8.29278305e-02	1.06246203e-01	-1.00413732e-01	-2.51053572e-02	-1.32985801e-01	-1.21764988e-01	-6.06002752e-04	8.29242095e-02	1.60760079e-02	-8.77043605e-02	-1.30368739e-01	-3.29493138e-04	8.86959136e-02	7.35540986e-02	
-1.46612972e-01	-7.02676699e-02	5.37195392e-02	6.43529817e-02	8.78208280e-02	1.62038580e-02	3.40070995e-03	-6.79307953e-02	-7.90120438e-02	2.20587365e-02	-4.29625995e-02	9.34487283e-02	-9.11341906e-02	9.04774666e-02	5.43577923e-03	-2.39852201e-02	-8.36787820e-02	9.49966013e-02	6.37441725e-02	-1.23251170e-01	-1.12033978e-01	4.69513871e-02	-6.12224117e-02	-5.23831323e-02	1.46710619e-01	1.26917344e-02	1.35273233e-01	-4.87972349e-02	-1.06789105e-01	6.27221763e-02	-1.42505527e-01	-9.41251665e-02	-1.30740449e-01	9.28453803e-02	2.93523706e-02	-3.99741083e-02	5.16360477e-02	9.37253162e-02	6.60131872e-02	-5.03476672e-02	
5.28403483e-02	4.52058241e-02	-9.24393237e-02	1.19542144e-01	1.14239685e-01	-7.43085518e-02	1.31559512e-02	-1.40976250e-01	1.39835015e-01	2.35668360e-03	6.71984792e-01	1.01760924e-01	1.38873875e-01	1.21493474e-01	6.75771944e-03	1.71839371e-01	1.07100405e-01	-1.12909578e-01	1.11180559e-01	-1.10654168e-01	-6.52968138e-02	2.68757552e-01	-1.10533252e-01	-1.48888379e-02	-3.62077095e-02	-4.68265340e-02	1.38507321e-01	-6.48275167e-02	1.46114051e-01	1.02807619e-01	5.73382229e-02	3.33584636e-01	1.44028321e-01	6.38507307e-02	7.85726607e-02	-2.81572104e-01	1.57350853e-01	1.22626036e-01	1.55383661e-01	-4.28921618e-02	
3.81871797e-02	1.65063161e-02	1.57828286e-01	-1.93727836e-02	-6.36567920e-02	-1.14961028e-01	-6.41964003e-02	-6.82996213e-02	-5.62958606e-02	1.01451993e-01	2.04633519e-01	4.13586535e-02	1.82898119e-01	8.62189010e-02	-2.02086821e-01	-1.81150921e-02	-1.03318185e-01	-5.73105440e-02	1.85474515e-01	7.80351833e-02	-3.17277372e-01	3.28006446e-01	4.67676707e-02	1.91773370e-01	1.05764791e-01	1.18214190e-01	-7.00506642e-02	-1.46508187e-01	1.79410443e-01	4.05465364e-02	6.21149875e-02	9.02461946e-01	1.43303096e-01	-5.38215637e-02	1.45825073e-01	-5.20587027e-01	1.41398057e-01	-1.46544434e-03	-2.26507918e-03	-1.29105970e-01	
-1.38471186e-01	-1.10679954e-01	-1.53464794e-01	-1.07988216e-01	4.47878651e-02	9.44704786e-02	1.17896266e-01	1.00564674e-01	-1.01755291e-01	-1.08589731e-01	1.15510069e-01	-1.20635107e-01	-1.47540271e-01	6.73875734e-02	7.15381801e-02	1.36251673e-01	-3.39496695e-02	8.84418115e-02	1.67041775e-02	2.06460692e-02	-1.16178701e-02	-5.56816272e-02	-3.42655135e-03	8.87864232e-02	-1.24430373e-01	-7.22211376e-02	-1.56951219e-01	-1.29224092e-01	1.58058673e-01	1.85269341e-02	1.02702305e-02	-6.15113974e-02	1.54358551e-01	-2.92926952e-02	-2.69214232e-02	1.18258372e-01	-7.61730224e-02	-1.15665264e-01	1.05576470e-01	7.49675408e-02	
3.06214113e-02	8.97860806e-03	8.04027170e-02	1.44269273e-01	1.51282236e-01	-1.10423028e-01	-1.42826244e-01	7.70931765e-02	-2.55811913e-03	1.43745035e-01	-6.13101721e-02	7.18354955e-02	-1.23034373e-01	-8.92153829e-02	-1.56138688e-01	1.47915468e-01	-2.29283385e-02	-1.24147229e-01	-5.93095385e-02	8.50919932e-02	9.80355069e-02	-9.34301987e-02	-1.48219513e-02	-6.44570813e-02	-5.03109880e-02	1.49308085e-01	-2.72340085e-02	-9.28268954e-02	5.69057688e-02	3.19252685e-02	9.01419595e-02	1.43492520e-01	-1.43977419e-01	-1.44080147e-01	-1.38752218e-02	7.93215930e-02	-1.02606848e-01	-4.48243171e-02	1.37236221e-02	-1.05691604e-01	
-9.20930058e-02	-1.49023250e-01	-1.50174066e-01	9.44197550e-02	1.02828890e-01	-5.00745140e-02	1.16651431e-02	1.46300532e-02	-3.85836065e-02	-9.47933346e-02	5.93845360e-03	4.08755476e-03	-1.01117618e-01	1.43047050e-01	8.71139839e-02	-1.48636820e-02	1.90098751e-02	5.10933958e-02	1.31207258e-01	-1.25744805e-01	-4.28919727e-03	-7.03559369e-02	-5.66186681e-02	-1.38538733e-01	-6.98896423e-02	9.66033712e-02	-1.06446981e-01	1.19078018e-01	7.04961717e-02	2.28167549e-02	1.35891542e-01	6.20120354e-02	-2.36338619e-02	5.55236936e-02	-3.20262951e-03	1.16815805e-01	-8.60948712e-02	-1.42452434e-01	-1.27045915e-01	-1.21700978e-02	
9.33114141e-02	1.41904071e-01	-7.55303428e-02	-1.95685774e-02	3.25865895e-02	-1.41291484e-01	1.32614225e-01	1.65482804e-01	-2.69250963e-02	-1.47055820e-01	1.29446876e+00	-9.43923891e-02	4.83846813e-02	2.01851726e-01	1.49858639e-01	-5.39213978e-02	1.34331614e-01	1.70432460e-02	-2.08105911e-02	-3.43074314e-02	-2.59502500e-01	-1.15873702e-01	-1.04324095e-01	-1.35892764e-01	1.40688702e-01	2.15014070e-01	2.36499589e-03	1.51071846e-01	-4.36409861e-02	-4.33022305e-02	-5.17904311e-02	7.01351017e-02	-3.77005115e-02	5.78398220e-02	1.56191168e-02	1.05186895e-01	3.50603312e-02	-1.05842710e-01	9.08802971e-02	9.90929902e-02	
9.56478640e-02	1.49915731e-02	1.38002411e-01	1.63817897e-01	1.23011522e-01	-1.57696739e-01	6.69864938e-02	2.03008950e-01	9.65879336e-02	2.18641814e-02	8.52458894e-01	-6.44215345e-02	1.55039743e-01	3.48996252e-01	1.27111956e-01	-3.04003023e-02	-5.05947769e-02	-8.03455487e-02	6.20339513e-02	-1.07531644e-01	2.70635337e-01	-1.91336632e-01	2.01502815e-01	-3.35030966e-02	7.67246485e-02	1.85024157e-01	7.95600116e-02	-7.13218376e-02	2.62820139e-03	2.17696369e-01	1.98041677e-01	-6.29009783e-01	-3.32968459e-02	2.19506770e-01	1.56514838e-01	2.65130877e-01	1.75977901e-01	1.53791279e-01	-9.09642726e-02	-6.97185323e-02	
7.25015253e-02	7.46984035e-02	-9.25514027e-02	1.46283090e-01	-1.53516427e-01	-5.58535084e-02	-3.28433625e-02	3.25796753e-02	-7.25518763e-02	-1.11519925e-01	2.23685414e-01	-1.01743959e-01	3.68273556e-02	-7.11263344e-02	-9.83046070e-02	1.25631139e-01	1.77907079e-01	-2.98518222e-02	2.49099731e-02	-7.63508752e-02	-3.63394976e-01	3.01076055e-01	-6.37161806e-02	1.71844125e-01	1.91301238e-02	-3.91081497e-02	1.43913195e-01	-8.34611133e-02	1.98684171e-01	7.86174014e-02	1.71143770e-01	4.71173286e-01	-3.36079784e-02	-3.59936915e-02	6.52436391e-02	-3.20687741e-01	1.60160229e-01	-1.14518479e-01	1.21440396e-01	8.72927606e-02	
-1.16567098e-01	-1.25158936e-01	1.31420910e-01	1.37024550e-02	-1.21475153e-01	-6.87910840e-02	-5.55281788e-02	1.51695013e-01	-1.36659756e-01	4.48632576e-02	1.42632663e-01	3.88823189e-02	-1.05433509e-01	-8.38563368e-02	1.04686029e-01	1.28129914e-01	-7.98398405e-02	1.21670447e-01	-5.42237773e-04	-1.79350879e-02	5.51931076e-02	3.33947837e-02	-7.42044523e-02	1.09323055e-01	1.45666242e-01	1.09177925e-01	-1.92033555e-02	3.17691043e-02	-1.04788207e-01	9.61849466e-02	-1.28345564e-01	1.37703747e-01	-4.69299182e-02	-5.10766767e-02	1.16033152e-01	5.52397780e-02	6.96704090e-02	-8.12791195e-03	-1.08840980e-01	2.85985563e-02	
1.79706067e-01	1.71333581e-01	4.69225310e-02	1.47954777e-01	6.27332777e-02	1.28050283e-01	-1.00531504e-01	-6.13049306e-02	1.20576352e-01	-6.23067357e-02	5.66864908e-01	-3.39505337e-02	-3.26979719e-03	-1.02994353e-01	1.53141379e-01	-4.17549126e-02	1.18048787e-02	1.03619985e-01	1.08659968e-01	-5.95264025e-02	-2.04395518e-01	1.37335420e-01	1.90424882e-02	1.37111083e-01	1.11873485e-01	1.74234696e-02	5.30171804e-02	-6.77121878e-02	1.48216402e-02	1.01789653e-01	-2.91559119e-02	4.04600501e-01	1.32673740e-01	-3.65747809e-02	-1.70439798e-02	-2.95467824e-01	-1.21018440e-02	9.67087746e-02	-1.48228496e-01	6.70753466e-03	
-6.13753982e-02	6.65958300e-02	6.68562129e-02	-1.51386335e-01	1.21467784e-01	-1.44406736e-01	-1.15460008e-01	-7.47426180e-03	1.27117589e-01	-6.06553480e-02	7.14265645e-01	4.20521908e-02	-6.71783369e-03	5.88126830e-04	8.30524694e-03	1.14257023e-01	1.78783104e-01	8.22420567e-02	1.28394380e-01	-7.97520652e-02	-2.72279739e-01	4.01878327e-01	1.33750767e-01	3.76261510e-02	-4.56596091e-02	-1.28692621e-02	-5.26591502e-02	4.08797115e-02	1.49894401e-01	1.17619142e-01	-5.55360503e-02	4.89904433e-01	-1.42253220e-01	6.74744993e-02	-1.30162790e-01	-1.09419182e-01	1.15626223e-01	3.46590742e-03	4.91793342e-02	-1.01696685e-01	
1.41897053e-01	1.15769401e-01	1.08789302e-01	1.10647313e-01	-1.23926513e-01	1.54826432e-01	1.83379948e-01	-8.34692866e-02	1.76043063e-01	-9.28092897e-02	-8.01733509e-02	7.60079846e-02	1.06677249e-01	-1.68810040e-01	2.93282848e-02	-2.74757259e-02	7.32685402e-02	-9.83927101e-02	-2.50299051e-02	-6.73720166e-02	-3.09078634e-01	2.72699445e-01	4.75444272e-02	2.31911734e-01	-1.40374973e-01	-7.91855678e-02	4.85725775e-02	9.08459574e-02	1.08473159e-01	6.98396564e-02	-1.38214618e-01	5.34067810e-01	1.41631559e-01	8.48836675e-02	1.11058883e-01	-1.97763070e-01	-5.28564863e-02	1.24058023e-01	-1.42321169e-01	-2.37391889e-02	
1.62382245e-01	5.31576984e-02	3.44756022e-02	1.04612052e-01	3.51521536e-03	-9.63187963e-02	6.78121299e-02	1.59879550e-01	-6.14935756e-02	1.22897148e-01	-4.99179363e-02	1.05731972e-01	4.71646786e-02	-1.47872835e-01	-8.97748694e-02	1.27729729e-01	-2.33166013e-02	4.38445099e-02	2.36756921e-01	-4.67597449e-04	-1.57560259e-01	2.08825767e-01	7.40782395e-02	1.74149022e-01	-2.44549122e-02	1.42737791e-01	4.10250910e-02	-1.53106704e-01	5.06017506e-02	1.72241509e-01	9.42556784e-02	5.55608928e-01	-1.45277441e-01	6.84996694e-02	-6.10826276e-02	-4.45650250e-01	-3.88679095e-03	-5.15974648e-02	6.23607002e-02	-3.40406895e-02	
1.27658740e-01	1.78573385e-01	1.16821781e-01	1.15407094e-01	3.55486535e-02	-5.16792499e-02	-5.05052954e-02	-1.47702368e-02	1.82632744e-01	1.08545288e-01	7.76718259e-01	2.55608521e-02	-4.14373316e-02	3.19264889e-01	-2.14430764e-02	8.34212601e-02	1.93243593e-01	6.66161031e-02	-1.36254847e-01	2.92280912e-02	1.40877515e-01	-1.48287401e-01	5.63734807e-02	-1.03103733e-02	1.89980865e-01	2.09687486e-01	1.44955888e-01	6.03972189e-02	-9.76816053e-04	2.41827384e-01	2.35822260e-01	-4.95317131e-01	-8.14087987e-02	1.77223220e-01	-7.55927488e-02	3.04453373e-01	1.95376635e-01	1.30471572e-01	7.84123763e-02	1.27918914e-01	
-7.14117512e-02	-2.96128988e-02	2.42697019e-02	-2.93012056e-02	-4.99414615e-02	-3.94897163e-02	1.96036234e-01	4.62968349e-02	-2.85241455e-02	-4.33227792e-02	7.76356876e-01	-1.47953242e-01	1.19531438e-01	-1.60150930e-01	-1.13303378e-01	1.26769289e-01	1.37545243e-01	-8.94068256e-02	2.97068302e-02	-1.77265313e-02	-7.20619261e-02	1.76093712e-01	1.29102379e-01	1.98267534e-01	1.39640585e-01	-1.28259286e-01	1.27079725e-01	-1.44173011e-01	7.88367242e-02	-9.49448124e-02	3.85163575e-02	4.45111096e-01	-1.04999065e-01	5.66868857e-02	1.50867879e-01	-1.81034282e-01	-6.89342991e-02	5.84107228e-02	-7.55820796e-02	3.80247273e-02	
-9.00889039e-02	9.99215692e-02	-7.29749575e-02	-2.59230345e-01	-1.14282943e-01	-4.06611413e-02	1.04641892e-01	-3.97423841e-03	1.56966135e-01	-1.55554608e-01	1.47944415e+00	4.25293073e-02	-3.96540277e-02	5.33536002e-02	-2.90061653e-01	1.68417960e-01	-5.09581827e-02	-5.94207272e-02	-6.42292619e-01	1.29190385e-01	-2.49198154e-01	7.99823366e-03	-5.46692833e-02	2.63004869e-01	-1.79328546e-01	2.68985629e-01	4.85353880e-02	-9.41226631e-02	4.93954159e-02	-1.26546053e-02	-2.28086412e-01	3.50394771e-02	1.36129469e-01	2.39423811e-01	-4.53178883e-02	-5.74916899e-01	1.50805295e-01	1.39387622e-01	-3.54600102e-02	6.20467551e-02	
-1.56027868e-01	1.14452243e-01	1.24735199e-01	1.08370736e-01	7.65224174e-02	5.26066944e-02	-1.05283663e-01	2.71210410e-02	-4.07958962e-02	1.55085512e-02	1.35854498e-01	-1.21440344e-01	-6.67369962e-02	1.82082251e-01	8.18375126e-02	8.65887478e-02	-2.27048062e-02	2.50977231e-03	4.67088707e-02	2.87121683e-02	3.24077457e-01	-3.66063595e-01	1.48214161e-01	1.09076649e-01	2.30861921e-02	-3.47851031e-02	3.78984958e-02	1.17618605e-01	3.06289196e-02	1.85996071e-01	-1.33293802e-02	-6.10339820e-01	-8.79791901e-02	3.34557891e-02	-1.05604731e-01	3.43411952e-01	1.17940031e-01	2.32193228e-02	9.17683879e-04	-3.87831591e-02	
-9.29044709e-02	-1.64157063e-01	-7.22409487e-02	-4.91241254e-02	-1.47246823e-01	3.14404815e-02	-1.43469110e-01	4.03129570e-02	-6.83172420e-02	-9.29157659e-02	-4.91628833e-02	-3.14978175e-02	-1.64053634e-01	8.44480768e-02	9.60158780e-02	-2.28085555e-03	1.04251921e-01	-1.57758623e-01	-4.13388450e-04	1.20033212e-01	2.33175438e-02	-9.06324238e-02	-7.60804564e-02	-3.54935899e-02	7.04316348e-02	1.36920750e-01	-5.36668748e-02	2.25097295e-02	-1.34756729e-01	-3.10712475e-02	-9.18124691e-02	-7.02127963e-02	9.66330022e-02	-1.21653095e-01	-2.53553279e-02	-1.33194953e-01	-1.76252350e-02	8.41257200e-02	5.48955426e-03	-5.98658919e-02	
5.16864918e-02	-1.36278927e-01	1.41540123e-02	1.20612858e-02	1.31403372e-01	1.33844897e-01	4.08105366e-02	3.58418599e-02	-1.80278778e-01	-1.08594202e-01	-1.11931235e-01	1.75493509e-02	-1.63110584e-01	-2.57883500e-02	6.54459223e-02	-6.49994984e-03	1.17841430e-01	-1.24367267e-01	-1.08982317e-01	-1.49196014e-01	5.88079356e-02	-9.33143310e-03	-2.01701224e-02	-9.95521620e-02	-1.70033738e-01	7.06791058e-02	9.74834897e-03	8.09839144e-02	7.51865879e-02	1.57441705e-01	5.66480011e-02	5.40259369e-02	7.49020800e-02	-5.85148297e-02	-9.12289023e-02	-1.91398606e-01	7.69847259e-02	8.66020173e-02	-1.13994561e-01	3.35354507e-02	
-4.53445166e-02	1.19015202e-01	9.58503857e-02	2.34833583e-02	1.30481899e-01	1.25196069e-01	-5.35407402e-02	2.64741391e-01	1.20587692e-01	-1.07659116e-01	8.08303177e-01	1.19888308e-02	2.06574917e-01	9.21381637e-02	-7.57922754e-02	-8.55950415e-02	1.54056594e-01	9.20036957e-02	-5.04723042e-02	-2.70188227e-02	1.87895209e-01	-1.24575853e-01	1.90430075e-01	9.44722444e-02	1.96097512e-02	2.20301136e-01	-9.56224650e-02	5.90964928e-02	1.58372402e-01	1.53407589e-01	1.23873092e-02	-3.27266067e-01	-9.86484438e-02	1.62791789e-01	2.94490457e-02	2.44264558e-01	1.38027415e-01	-5.86028658e-02	-1.08119589e-03	-9.03652757e-02	
-3.28186899e-02	1.58008505e-02	-1.27041087e-01	3.43223400e-02	-1.03242368e-01	8.56597722e-02	5.80979474e-02	2.34876394e-01	-6.01903722e-02	1.53831109e-01	4.78759319e-01	6.46231417e-03	1.80996269e-01	5.05003370e-02	1.14054561e-01	-7.06889555e-02	1.14557333e-01	-1.39084026e-01	-2.43713185e-01	1.51772648e-01	3.76083463e-01	-2.00155988e-01	2.77371127e-02	1.11951921e-02	-1.34052545e-01	9.17446315e-02	9.99444053e-02	6.92471266e-02	1.16768643e-01	2.00228736e-01	-6.99638128e-02	-5.17555475e-01	-1.40355512e-01	6.37848005e-02	-2.50670556e-02	3.03269297e-01	4.74677533e-02	-5.08115888e-02	-8.05159379e-03	5.15963323e-02	
4.23174351e-03	-3.22616957e-02	6.29168451e-02	1.21719621e-01	-1.24999151e-01	4.49833795e-02	-1.03962019e-01	1.83486924e-01	1.81757614e-01	-1.56088203e-01	1.36747754e+00	1.39324963e-01	-7.69411251e-02	4.24077004e-01	-4.26687039e-02	1.04439661e-01	1.64550573e-01	2.91797742e-02	5.16649857e-02	3.17456685e-02	-2.45938763e-01	2.20559806e-01	9.66206267e-02	-3.08344625e-02	1.29036784e-01	-7.34451562e-02	-1.14747487e-01	-1.68938879e-02	6.13504499e-02	8.19659084e-02	2.79738307e-02	1.34660259e-01	-1.21937282e-01	3.62850167e-02	-2.94436365e-02	-2.94219792e-01	2.52687130e-02	1.54076695e-01	1.57929212e-02	4.33858261e-02	
-3.29420269e-01	6.63584694e-02	3.05110542e-03	-3.05993035e-02	8.43385160e-02	1.40379310e-01	6.48048669e-02	9.11444873e-02	1.84095628e-03	1.07264407e-01	-5.73280156e-02	1.34493679e-01	6.75917342e-02	-2.72093564e-01	-2.12617233e-01	-1.83167219e-01	-5.63769303e-02	1.52062446e-01	-6.36737525e-01	8.95502195e-02	8.30960497e-02	-1.05609223e-01	9.35737714e-02	1.99065179e-01	-1.00800775e-01	4.68320012e-01	1.18656151e-01	-6.21347409e-03	5.81574477e-02	7.90516436e-02	-2.26680890e-01	-1.64190754e-01	1.17750891e-01	9.67588499e-02	-1.03787512e-01	1.08334959e-01	1.34781525e-01	-8.93601775e-02	-1.78677794e-02	4.95804325e-02	
-1.47749394e-01	-2.92359237e-02	-1.06992066e-01	1.17215961e-01	-6.60123006e-02	-1.34084746e-01	5.86194685e-03	1.28330290e-01	-2.80737542e-02	-4.81266752e-02	7.00161904e-02	1.45224050e-01	1.26442164e-01	-1.15412340e-01	1.53990567e-01	8.11569244e-02	-9.03065652e-02	7.65214935e-02	-3.72832380e-02	3.05335205e-02	6.77349791e-02	-1.19384028e-01	-2.07954831e-02	-2.27025878e-02	-5.36175855e-02	-1.53798446e-01	-7.78400153e-02	1.30554974e-01	-1.45084172e-01	-1.02626361e-01	-1.53833866e-01	1.47844344e-01	-7.95139670e-02	1.53036922e-01	1.40372157e-01	1.13457829e-01	-4.66304682e-02	-1.30525976e-01	1.04167484e-01	9.22708735e-02	
1.21808149e-01	-1.43161312e-01	4.42137346e-02	5.00645228e-02	-1.33953160e-02	-6.19777329e-02	-9.30696279e-02	6.86555207e-02	6.62937537e-02	3.73824947e-02	7.11459219e-02	9.59387496e-02	-1.02381252e-01	-1.43289268e-01	-3.14795524e-02	-2.40175445e-02	-1.23895600e-01	-2.97095142e-02	2.25295941e-03	-1.22304887e-01	3.44815589e-02	8.56836736e-02	7.15917647e-02	2.51469370e-02	-7.27179125e-02	3.74444127e-02	1.37700722e-01	-9.32155550e-02	-1.50111184e-01	5.04661314e-02	-9.98092815e-02	3.47667001e-02	6.57481551e-02	-1.28268540e-01	1.02802932e-01	-1.56698450e-01	-1.46361753e-01	4.53490429e-02	1.42699808e-01	3.09563521e-02	
-1.21679470e-01	-7.23395124e-02	-1.57162473e-01	1.48672938e-01	1.01883328e-02	-1.80264283e-02	1.59400240e-01	1.29990816e-01	1.03237204e-01	-1.29163340e-01	-3.38355631e-01	4.16905619e-02	1.32738248e-01	-6.60943147e-03	6.41611293e-02	-2.25737430e-02	-3.78055163e-02	5.98317757e-02	1.14809433e-02	1.76883772e-01	1.76258653e-01	-1.39349198e+00	-1.54130384e-02	-2.43745800e-02	-6.03048578e-02	1.03152342e-01	8.66812915e-02	-1.01048447e-01	2.45664455e-02	2.04598680e-01	-4.91738692e-02	-1.73151052e+00	-3.23237479e-02	1.90652996e-01	-7.50340009e-03	4.14721489e-01	-5.20200580e-02	8.78839120e-02	9.59395766e-02	1.61248632e-02	
5.80694303e-02	8.21810216e-02	4.35886011e-02	-7.78235942e-02	-1.26720652e-01	-7.15216100e-02	-1.00594103e-01	1.29724890e-01	1.21682458e-01	6.15287758e-02	1.57320499e-01	6.49907291e-02	3.51010612e-03	2.42813483e-01	-3.58803757e-02	4.12873104e-02	-3.35970335e-02	-7.73227890e-04	-2.31837809e-01	-1.37017861e-01	2.85987914e-01	-2.13357687e-01	1.89082518e-01	7.60088190e-02	1.37489736e-02	-4.39238474e-02	1.16552718e-01	-1.32038370e-01	-6.11109547e-02	6.94475845e-02	5.91863655e-02	-8.33289623e-01	6.39545396e-02	2.10199088e-01	1.19426854e-01	4.31750953e-01	1.03719644e-01	-2.87984088e-02	1.39756113e-01	-2.23219022e-02	
1.23970553e-01	-1.26655117e-01	-7.00525492e-02	6.68765698e-03	-1.48376659e-01	-5.57789430e-02	-8.47973078e-02	3.77767444e-01	1.47138491e-01	-4.13224474e-03	-3.87167335e+00	-1.06450357e-02	1.57512873e-01	-2.10681677e-01	3.92883271e-02	-2.27439284e-01	4.60392330e-03	-4.51957472e-02	-3.68106365e-01	-1.31938189e-01	-1.53162384e+00	1.54802573e+00	1.06490225e-01	-2.78436959e-01	4.17366475e-02	-7.28171945e-01	1.48509502e-01	-2.79687289e-02	9.50433761e-02	2.33390495e-01	1.44920453e-01	2.42399406e+00	-1.34560391e-01	1.05194330e-01	-1.21881515e-01	-7.92638898e-01	-2.30438307e-01	8.64364877e-02	1.34271711e-01	3.80895264e-03	
-1.85327262e-01	1.23393824e-02	-1.40901338e-02	1.48761377e-01	-1.30526513e-01	1.47754267e-01	1.02811739e-01	3.62637378e-02	1.29399270e-01	9.56356823e-02	4.66217399e-01	1.34282619e-01	1.45260721e-01	1.06607080e-01	3.05058081e-02	-1.16128042e-01	1.77067947e-02	-7.42357597e-02	-3.15987803e-02	8.33353400e-02	1.75856292e-01	-2.85097510e-01	1.74315408e-01	-2.06043981e-02	-6.50346428e-02	2.53771275e-01	1.14482893e-02	1.55373216e-01	1.22366458e-01	1.37774676e-01	1.59914404e-01	-9.13524985e-01	-2.81979470e-03	1.67754740e-01	8.58614892e-02	3.50317180e-01	1.26894236e-01	-1.13384584e-02	7.16591487e-03	7.53191411e-02	
-2.22715437e-01	-1.27850294e-01	-6.28276914e-02	-4.81449515e-02	-1.44334286e-01	1.14199705e-01	1.48398221e-01	2.44361147e-01	-6.87375441e-02	-1.07349172e-01	-7.12052509e-02	-8.42150971e-02	3.65923010e-02	3.70983630e-01	6.65810108e-02	-1.50452688e-01	-4.53090891e-02	1.27787307e-01	-3.45474392e-01	-3.19892094e-02	-1.04864299e+00	-6.05517685e-01	1.63712144e-01	1.89403817e-02	1.08246431e-02	4.04739946e-01	3.35346013e-02	-1.37909666e-01	1.44617051e-01	2.90293008e-01	7.86414742e-02	2.41597033e+00	-1.39929861e-01	2.44570687e-01	1.08098403e-01	5.85455913e-03	-1.77728042e-01	-1.37618845e-02	-1.23557046e-01	-1.38133224e-02	
-6.74196184e-02	-3.50278430e-03	8.24177116e-02	-6.38059452e-02	-3.12460754e-02	5.02540655e-02	3.70836817e-02	3.14886123e-02	8.79380405e-02	1.80121604e-02	2.82624841e-01	-5.62277846e-02	9.22717154e-02	1.93538442e-01	1.39042273e-01	1.48853645e-01	-5.53540550e-02	5.51684536e-02	-2.37405732e-01	-7.23384395e-02	3.37065846e-01	-1.22497462e-01	1.39034703e-01	-4.12061205e-03	-8.71927515e-02	7.30437487e-02	-1.01767316e-01	1.50036067e-01	1.14049353e-01	1.67432815e-01	-5.65594584e-02	-7.84932196e-01	-2.34912522e-02	1.17380908e-02	5.67720756e-02	2.94160903e-01	1.77175134e-01	7.62903914e-02	-9.99699831e-02	1.59329288e-02	
8.79771039e-02	-8.94265026e-02	-1.34198949e-01	8.80563557e-02	1.44201949e-01	-7.44158551e-02	-7.34056085e-02	1.66700184e-01	-4.94873263e-02	-1.08549021e-01	1.36975265e+00	-2.55211946e-02	1.36662185e-01	3.09272945e-01	1.99626889e-02	-2.55756862e-02	1.21681385e-01	-1.06476404e-01	-1.65117651e-01	-4.93317433e-02	5.36224805e-02	-1.09832227e-01	1.51453614e-01	-1.05212748e-01	-1.48857936e-01	-1.89522095e-02	1.22925781e-01	1.40860870e-01	1.30252451e-01	2.95192678e-03	-3.50644141e-02	3.44309397e-02	-1.08913191e-01	-3.66766471e-04	-9.40353945e-02	5.01390323e-02	5.53252213e-02	-9.41756666e-02	-1.11612089e-01	9.98521373e-02	
6.13786615e-02	-1.51632443e-01	-1.35139585e-01	-1.25955942e-03	9.24277604e-02	-1.61710396e-01	-9.65778306e-02	3.99726778e-02	-7.81737641e-02	-8.21716264e-02	-5.75167499e-02	6.89820759e-03	-1.91640947e-02	-6.83578327e-02	-1.55078471e-01	8.22756812e-02	4.43600565e-02	8.70252680e-03	3.34409811e-02	-5.64854145e-02	1.28060907e-01	-5.98169193e-02	4.69456539e-02	-1.40733719e-01	1.05881169e-01	2.33882647e-02	1.21639609e-01	-6.11022078e-02	7.36771151e-02	-4.92045283e-02	9.03976262e-02	-1.16129845e-01	5.75258732e-02	5.59936948e-02	-1.15868129e-01	8.02005455e-02	-9.31620300e-02	4.72058654e-02	-1.44401193e-01	9.18975323e-02	
9.45747569e-02	-8.37373212e-02	1.32732958e-01	-2.94159353e-02	1.46314800e-01	-3.58354032e-01	-1.33249849e-01	1.47415295e-01	1.70054093e-01	2.08069179e-02	1.54627323e-01	6.42340258e-02	-7.15214387e-02	7.33657256e-02	1.22813389e-01	-2.41985563e-02	1.19705155e-01	-9.16172639e-02	1.53375924e-01	-5.62796295e-02	-6.51276037e-02	1.61150485e-01	-1.06443547e-01	-2.16569081e-01	-5.25874197e-02	-3.11887935e-02	2.54621264e-02	-7.81726912e-02	3.38271782e-02	1.55357510e-01	-6.06753025e-03	3.48635837e-02	-7.47423917e-02	-7.53466561e-02	2.72526238e-02	4.29434150e-01	-8.84548873e-02	-1.65938452e-01	1.37057295e-02	1.72825560e-01	
4.76725474e-02	-5.87680340e-02	-8.28797072e-02	9.04580206e-02	2.98089590e-02	-3.52067165e-02	-1.15235351e-01	2.08383631e-02	-4.72594760e-02	2.28789419e-01	1.09038591e-01	-8.17453042e-02	8.14806111e-03	1.94907114e-01	4.81826216e-02	1.17541611e-01	-2.25881767e-02	1.96190894e-01	1.55903846e-01	-2.81653032e-02	-4.26540300e-02	1.77442700e-01	1.91663623e-01	-3.55322659e-01	-1.45424590e-01	-8.20334628e-03	-5.06083947e-03	2.72637550e-02	2.40285769e-02	7.74783567e-02	-1.60197169e-01	-1.95397101e-02	3.88264544e-02	-1.54129624e-01	-1.48084149e-01	2.25327507e-01	-2.64009051e-02	-2.71762580e-01	1.15441032e-01	-3.24296355e-02	
5.52120730e-02	-6.11950606e-02	5.85505962e-02	4.34827916e-02	-1.22133531e-01	4.01414663e-01	2.65454873e-02	1.50226980e-01	-1.33661360e-01	-1.34657532e-01	-1.05679385e-01	-6.74772030e-03	-1.16742507e-01	6.62212074e-02	1.59296826e-01	6.90182447e-02	1.18878752e-01	-1.83983505e-01	8.60147327e-02	-1.50458083e-01	4.93941307e-02	2.19229341e-01	7.63467140e-03	7.36986995e-01	-1.14900032e-02	-2.27494035e-02	-7.58441389e-02	1.02588981e-02	2.24519968e-01	3.15573141e-02	8.63131136e-02	1.92105193e-02	6.95411637e-02	2.31119305e-01	2.08594531e-01	-8.92428279e-01	2.84152120e-01	3.23740423e-01	1.69636250e-01	1.43353552e-01	
2.03872830e-01	-5.27083455e-03	-1.24871492e-01	1.05903141e-01	-7.55001307e-02	-3.91048580e-01	8.19286630e-02	-1.21141925e-01	9.11458116e-03	-4.78176912e-03	5.18467203e-02	-1.34834899e-02	-8.32177624e-02	-9.96339023e-02	9.01093930e-02	-6.20934218e-02	-1.43468678e-01	1.76739708e-01	1.10788584e-01	1.61321729e-01	3.36834416e-02	7.48857185e-02	1.82572842e-01	-3.37412208e-01	2.36466639e-02	7.00419024e-02	-3.35171632e-02	3.52392867e-02	-2.49612760e-02	1.29460886e-01	-6.16731308e-02	-1.10051967e-01	7.52213746e-02	-8.16601068e-02	-6.33076578e-02	7.98969030e-01	-2.14683730e-02	-5.77125140e-02	7.16675669e-02	6.36005029e-03	
4.78906967e-02	-1.39472424e-03	1.06724434e-01	1.86349481e-01	1.59626499e-01	-1.51755288e-01	1.38332648e-02	5.39552793e-02	-1.12378620e-01	3.58086713e-02	5.11566326e-02	1.23549864e-01	1.84188373e-02	3.83430161e-02	-2.24289913e-02	-7.20619112e-02	1.28255025e-01	1.84322178e-01	-3.45857926e-02	-8.52481425e-02	1.58791125e-01	5.46577163e-02	2.16589496e-02	-2.36160710e-01	4.14839387e-02	-1.30221441e-01	-8.66013095e-02	-1.52648510e-02	6.30773231e-02	1.13926880e-01	-5.84772322e-03	4.98550572e-02	-5.15698885e-05	-1.40578121e-01	9.22371075e-02	4.87987667e-01	5.19254059e-02	-1.87450871e-01	7.27407709e-02	-2.77815969e-03	
5.03183044e-02	1.22707933e-01	1.36826470e-01	-6.56898171e-02	7.45769739e-02	-8.87012631e-02	7.56004378e-02	-4.06711698e-02	1.64175183e-01	9.96201709e-02	5.38652204e-02	-1.31923378e-01	1.95084773e-02	2.05616519e-01	9.92503390e-03	1.13652550e-01	-8.98873731e-02	1.75286889e-01	1.57826155e-01	1.52388543e-01	2.02439561e-01	-1.70770369e-03	5.87941110e-02	-4.15555328e-01	-7.21662417e-02	1.34147823e-01	4.25764844e-02	1.83260478e-02	1.25851423e-01	1.70935899e-01	-8.64440873e-02	-2.81996634e-02	1.25566363e-01	-1.51922271e-01	-1.60124525e-01	6.96237803e-01	-4.57960367e-02	-1.37924746e-01	-3.98806781e-02	-1.90895200e-02	
9.73506123e-02	7.72617236e-02	1.15559302e-01	1.72505707e-01	1.62292663e-02	-3.90672326e-01	-1.47339925e-01	4.40297350e-02	1.21576592e-01	1.50906801e-01	1.77620761e-02	-2.33889241e-02	-3.61766741e-02	-4.61160131e-02	-3.31654735e-02	-3.36599760e-02	7.36985952e-02	-6.71813861e-02	1.51689440e-01	-2.92885881e-02	4.58464436e-02	-4.53663319e-02	1.77985877e-01	-4.27523464e-01	-1.53878421e-01	-1.25130281e-01	-8.44412148e-02	6.24639099e-04	7.72941932e-02	7.78003484e-02	-7.29120970e-02	-5.87971359e-02	-3.31833214e-02	-2.20290333e-01	1.24438249e-01	7.22172260e-01	1.25865474e-01	1.74031872e-03	-1.12843849e-02	2.12470874e-01	
-1.10875450e-01	-1.09267510e-01	8.57145637e-02	-1.62345439e-01	3.32218781e-02	5.97224981e-02	8.38596672e-02	1.53430030e-01	-4.38912362e-02	2.28799153e-02	-2.82893833e-02	4.60042432e-02	-1.31944612e-01	-2.46508196e-02	1.06831975e-01	-9.86562073e-02	1.56368762e-01	3.35350260e-02	1.18583031e-01	-1.49801597e-01	8.11430812e-03	-3.16946954e-02	2.90406216e-02	6.32932335e-02	-9.84441116e-02	1.48890808e-01	-1.27775162e-01	5.56723438e-02	-8.50460157e-02	1.02124609e-01	-1.53841868e-01	7.32381567e-02	-1.46761924e-01	-1.50731996e-01	-1.26822934e-01	5.44041619e-02	-4.12299559e-02	1.43073618e-01	5.70343919e-02	-1.10601455e-01	
-2.09220517e-02	-9.66138095e-02	-1.04436753e-02	-1.34158939e-01	-3.72277685e-02	4.89926003e-02	-9.87686664e-02	2.37392075e-02	1.44932121e-01	-2.95019727e-02	1.51839014e-03	1.52351469e-01	-1.40018418e-01	-1.47519708e-01	-1.25766352e-01	-1.31884525e-02	-1.07773565e-01	-1.38127163e-01	1.01370983e-01	-1.17118232e-01	-1.11967839e-01	-1.99752655e-02	1.03159681e-01	-1.47214442e-01	-1.19880706e-01	-1.48849174e-01	-7.83491954e-02	-1.66343618e-02	1.12156063e-01	-1.22752190e-01	-1.34455219e-01	-1.30487725e-01	4.80992869e-02	1.08919881e-01	-1.51166171e-01	1.23356417e-01	-5.33038527e-02	-1.20244339e-01	-2.68676858e-02	2.72019282e-02	
-1.08952954e-01	-4.89622727e-02	2.40836665e-02	-1.00602761e-01	1.46789610e-01	2.23695472e-01	-8.82996172e-02	-9.54613686e-02	1.75566506e-02	-1.73024163e-02	-4.11859080e-02	3.97803821e-02	-3.50172371e-02	5.59108555e-02	2.35185456e-02	-8.30218196e-02	7.73260668e-02	1.74469218e-01	-7.71478415e-02	-8.74152109e-02	-1.31608680e-01	2.21217930e-01	-3.86110805e-02	6.53695703e-01	2.39179403e-01	1.48495227e-01	7.04895183e-02	2.22539201e-01	4.02941555e-02	2.83528380e-02	1.77569643e-01	5.35891438e-03	-1.09516896e-01	2.31648967e-01	1.92217574e-01	-1.06359792e+00	1.56468257e-01	3.18073690e-01	1.40915573e-01	-1.59533378e-02	
1.11894570e-01	4.73129973e-02	1.57359973e-01	1.93255723e-01	-8.28825496e-03	-4.28832769e-02	-1.10361256e-01	-2.79463753e-02	1.75365806e-01	2.24061444e-01	-1.39021963e-01	-1.38150543e-01	-5.31637482e-02	1.24200888e-01	-4.18092608e-02	-1.79018341e-02	-1.53569328e-02	1.02783546e-01	2.20796536e-03	1.32755861e-02	8.84468481e-02	1.76531166e-01	-5.78133687e-02	-3.19384217e-01	-9.48552713e-02	1.18270092e-01	-8.87832046e-02	1.33126184e-01	-6.42580613e-02	-4.50671688e-02	-1.53810680e-01	-2.02417839e-02	1.48482561e-01	-1.94858491e-01	-7.52159134e-02	3.22801828e-01	1.21248744e-01	-2.89419740e-01	4.78734151e-02	2.69076265e-02	
1.48540273e-01	1.35382697e-01	-1.42700717e-01	1.91620082e-01	-2.51271818e-02	-7.82401562e-02	-1.30873442e-01	1.28261045e-01	1.04476988e-01	-3.16257812e-02	1.33675277e-01	9.91716832e-02	-1.41739354e-01	9.72447097e-02	9.66517627e-02	1.87330469e-01	-9.20969993e-02	1.61568418e-01	1.48696363e-01	1.09458387e-01	-8.26247260e-02	-4.94572669e-02	1.28409818e-01	-3.49603117e-01	1.17683336e-01	9.45794806e-02	-8.33483785e-02	4.15516235e-02	-6.07266240e-02	-8.86092931e-02	-7.22016543e-02	-1.48840576e-01	2.04608440e-02	-6.67842478e-02	1.05658039e-01	5.11421323e-01	-1.39432833e-01	-2.04151377e-01	-1.86398309e-02	7.73051679e-02	
-1.14912950e-01	-1.73831619e-02	1.55919507e-01	1.25346348e-01	3.46426945e-03	1.89750791e-01	-5.00949994e-02	5.73060215e-02	-1.76390097e-01	5.11807315e-02	1.35147020e-01	-5.27345650e-02	-3.12234368e-02	4.53202501e-02	1.57487288e-01	-9.66623542e-04	-1.45744458e-01	7.14312568e-02	-5.77762686e-02	-8.88698846e-02	-8.01668316e-02	1.47757143e-01	4.66458723e-02	5.94079673e-01	2.18153819e-01	-3.46124358e-02	-1.02038622e-01	4.46081571e-02	1.09850101e-01	1.85926147e-02	6.03855290e-02	1.32227382e-02	1.05710961e-01	2.32908592e-01	-2.32137423e-02	-3.28100950e-01	1.56097218e-01	3.87286544e-01	2.53435224e-01	-2.35915445e-02	
2.19211638e-01	-1.67582165e-02	5.58970831e-02	1.65278032e-01	4.41236570e-02	-2.78707501e-02	2.92318705e-02	4.49576713e-02	4.99320729e-03	1.14795670e-01	-6.69069886e-02	1.22749701e-01	1.32836834e-01	-5.40914387e-02	1.00571297e-01	1.84737816e-01	9.99120772e-02	1.91120505e-01	2.08546728e-01	1.42744407e-01	1.06177054e-01	-8.99043158e-02	-1.94460079e-02	-3.07840735e-01	-1.23992771e-01	7.18979761e-02	8.68490636e-02	1.05463974e-01	1.74042240e-01	-7.39178509e-02	-2.38696486e-01	-1.36684313e-01	-3.08599230e-02	-2.20274270e-01	2.45569032e-02	4.58260328e-01	-1.49220049e-01	-2.00306937e-01	-5.13311625e-02	1.29224494e-01	
1.28524750e-01	-1.49150148e-01	-1.32041603e-01	1.71647415e-01	-1.87999289e-02	-1.25162095e-01	-1.52484000e-01	-8.19287971e-02	1.61213502e-01	2.04249144e-01	-9.57455710e-02	-1.44815296e-01	-9.86040607e-02	1.63815379e-01	1.35124540e-02	8.43170881e-02	-6.61185756e-02	9.73415673e-02	2.11940974e-01	-5.13187870e-02	4.37804386e-02	3.98498178e-02	1.54467057e-02	-3.32379252e-01	-7.56676942e-02	1.98209509e-02	-7.02521801e-02	-6.29530475e-02	1.13412961e-01	1.56520292e-01	-7.13545159e-02	-9.29778740e-02	3.45401396e-03	-1.10403746e-01	2.33713984e-02	5.27004421e-01	8.42738897e-02	-1.03541739e-01	-1.28777772e-01	-7.47144744e-02	
1.38516612e-02	9.28476080e-02	-3.99161689e-02	-1.33078560e-01	-9.07110348e-02	3.21351320e-01	-8.66281986e-02	-2.55561224e-03	1.05962969e-01	-1.43550053e-01	-9.93758906e-03	1.46945911e-02	-1.97447836e-02	2.21825019e-02	-2.02491898e-02	-1.41434759e-01	1.08939841e-01	-5.81720844e-02	5.58492430e-02	-1.83656096e-01	1.05561264e-01	1.94840357e-01	4.09725085e-02	8.07450593e-01	-3.67415845e-02	1.30037710e-01	6.19608425e-02	2.07066715e-01	5.97922653e-02	1.15895219e-01	9.69906673e-02	-9.65551957e-02	3.05053052e-02	2.59163141e-01	9.29217041e-02	-6.02303207e-01	2.12786481e-01	2.36990377e-01	-1.77839920e-02	3.81181925e-03	
1.14866793e-01	7.90762808e-03	-1.56514555e-01	-8.31709057e-02	1.58553094e-01	-1.27926558e-01	-6.05621981e-03	7.46990219e-02	6.43144771e-02	1.45171210e-02	-1.03722259e-01	9.63063166e-02	-6.01079836e-02	1.45105392e-01	8.97723287e-02	1.51581347e-01	7.08382949e-02	-5.22472523e-02	1.48845255e-01	1.07306028e-02	-6.11592159e-02	1.16758071e-01	3.82936792e-03	-1.64302200e-01	-3.03489007e-02	4.38569747e-02	-3.59535180e-02	1.14295304e-01	-1.24659859e-01	-2.33143643e-02	1.97959319e-03	1.06193125e-01	-6.04743287e-02	-2.03267649e-01	-5.52446991e-02	6.27713323e-01	-1.42922536e-01	-1.94289669e-01	1.05508454e-01	-4.66482081e-02	
-1.26184210e-01	-6.33180216e-02	-2.01519523e-02	9.74453520e-03	-1.02715634e-01	6.31729960e-02	1.36099622e-01	-1.06979132e-01	8.93600136e-02	-6.06932789e-02	1.32318810e-01	-5.32184094e-02	-3.55185904e-02	-1.26624674e-01	-1.52135387e-01	2.21384522e-02	1.54855609e-01	-1.15842372e-01	1.08406343e-01	-1.48861855e-01	3.55103090e-02	-1.61197200e-01	-1.02864958e-01	-6.35227561e-02	1.06797084e-01	1.30409554e-01	-2.65022051e-02	-9.17819068e-02	-1.44182116e-01	1.20308869e-01	-5.82523551e-03	-2.04911903e-02	1.47183523e-01	-6.12246022e-02	8.76888484e-02	-3.29953618e-02	1.81880891e-02	4.90489602e-02	6.56141192e-02	-6.46569803e-02	
2.15289712e-01	-4.51974459e-02	-9.37146991e-02	-1.23572545e-02	5.15000746e-02	-3.03668559e-01	1.12247594e-01	9.83181223e-02	1.29337862e-01	1.98873669e-01	-1.21632673e-01	8.02532807e-02	-1.32891744e-01	4.74244729e-02	1.26311198e-01	-7.31780529e-02	1.52153715e-01	1.49074540e-01	-5.89183308e-02	-5.58042116e-02	-2.19613612e-02	1.85700580e-02	1.60968468e-01	-3.88128936e-01	2.57916115e-02	6.42454326e-02	-5.45985848e-02	6.63850233e-02	5.77446632e-02	1.77750830e-02	-5.93765490e-02	-6.89311326e-02	4.51706052e-02	-1.05105646e-01	-1.30807579e-01	8.07007611e-01	4.94372845e-02	-2.65295923e-01	-1.35114223e-01	2.21538275e-01	
8.25573504e-02	-6.50396943e-02	-9.91762280e-02	9.21441615e-03	-1.66877601e-02	1.08421102e-01	-1.22078890e-02	-2.05223653e-02	1.15723528e-01	8.20803195e-02	-1.04079492e-01	1.27659246e-01	-6.38010353e-02	-1.29848883e-01	-1.02479301e-01	-1.00746468e-01	9.82709825e-02	-6.82832450e-02	-1.25891685e-01	-6.43200353e-02	-3.60437706e-02	3.50683704e-02	9.68891680e-02	-1.16288953e-01	1.09423749e-01	1.26716658e-01	-6.48363754e-02	4.95478958e-02	-4.26497199e-02	-1.14977539e-01	-1.57439247e-01	1.65279992e-02	-1.00989431e-01	-3.24253179e-02	-6.64489046e-02	-4.40547653e-02	4.11282554e-02	4.54721525e-02	9.04743075e-02	-1.49600446e-01	
-8.21572244e-02	-3.03610936e-02	6.86797453e-03	1.49296701e-01	-1.27041146e-01	1.06660835e-01	-7.24162608e-02	-2.87408829e-02	-1.50189504e-01	-5.51147349e-02	1.55951545e-01	-1.71821602e-02	-1.44893229e-01	-4.98537607e-02	6.66653514e-02	-6.16773590e-02	-1.26204982e-01	-1.17004007e-01	-5.81548037e-03	1.49002165e-01	-5.70062511e-02	-3.95665988e-02	-3.82075086e-03	-1.05530217e-01	7.65325278e-02	-1.38785347e-01	-5.83159514e-02	1.09098464e-01	-1.18598662e-01	-1.18309543e-01	5.39052002e-02	7.81038180e-02	-2.85791624e-02	-1.45959899e-01	1.21286884e-01	3.16234827e-02	-9.63754579e-02	-1.25079170e-01	6.82217330e-02	-6.53296933e-02	
-6.85153604e-02	9.82003957e-02	7.69180879e-02	6.22368194e-02	1.20254144e-01	-2.52718002e-01	-1.42878085e-01	1.53214842e-01	1.85240969e-01	1.90402329e-01	3.03995442e-02	5.54645471e-02	-6.28426597e-02	-5.11406399e-02	7.38959461e-02	1.02952413e-01	-2.80048065e-02	-9.32581201e-02	2.08014116e-01	6.09655827e-02	9.70429480e-02	1.28377691e-01	6.40047714e-02	-3.80968660e-01	-1.04153164e-01	3.34459953e-02	-6.96846247e-02	2.81705502e-02	-7.20868856e-02	1.59709096e-01	-2.03655183e-01	-4.86520231e-02	-7.13333711e-02	1.94979310e-02	-1.03017941e-01	5.89520454e-01	-9.82675031e-02	-1.76257551e-01	3.56713198e-02	1.65982708e-01	
9.92170349e-03	2.74670906e-02	3.52939144e-02	7.65554160e-02	-6.63397089e-02	4.41611320e-01	1.03632689e-01	1.03426106e-01	1.13785669e-01	-1.08691305e-01	3.08938306e-02	8.43969882e-02	-4.47551049e-02	2.03441620e-01	7.86543712e-02	-1.84465334e-01	-7.95777887e-02	-1.52046576e-01	1.13914311e-01	9.22066793e-02	-2.09676474e-01	2.42108535e-02	-9.88686923e-03	8.14103365e-01	-3.97399860e-03	-6.86598048e-02	6.92744181e-02	9.00998786e-02	1.83795035e-01	1.57178774e-01	4.18764502e-01	-1.15996189e-01	7.55269676e-02	2.59593248e-01	4.60710004e-02	-1.06658518e+00	2.26031706e-01	2.03569442e-01	1.87704250e-01	1.55547991e-01	
-1.10589489e-01	-3.73432525e-02	-9.32039991e-02	-6.43680245e-02	1.08406633e-01	-3.52014154e-01	1.31316528e-01	1.99763011e-02	-7.43635371e-02	2.28348240e-01	-1.54263645e-01	1.47280470e-01	-4.56141494e-02	1.04354762e-01	1.60109341e-01	1.77341476e-01	1.17564453e-02	-2.27254553e-04	2.27446929e-01	5.97716160e-02	1.55997232e-01	7.90717732e-03	1.68164924e-01	-3.11228931e-01	-8.50369111e-02	-1.17645696e-01	-1.06150016e-01	1.68733433e-01	-7.52209798e-02	1.53359383e-01	-2.06318751e-01	-6.54446557e-02	8.74844752e-03	-1.59098908e-01	-6.26870096e-02	6.23287797e-01	6.31267577e-03	-1.39222607e-01	-1.42697943e-02	-4.75447550e-02	
2.11667851e-01	-9.79996547e-02	-1.15615070e-01	1.05861805e-01	7.68260807e-02	-1.68577880e-01	-1.90058406e-02	1.20768383e-01	1.37199014e-01	2.07373559e-01	-3.18244472e-02	-8.97297412e-02	-1.26506463e-01	-8.53771940e-02	1.15719303e-01	-9.63965878e-02	-1.55193344e-01	3.68662067e-02	2.33576342e-01	1.41110584e-01	-3.88332480e-03	9.55894124e-03	7.67393634e-02	-3.34162533e-01	-8.71910080e-02	1.34592280e-01	1.35262413e-02	1.58896327e-01	5.94479106e-02	3.32322083e-02	-1.81956470e-01	-1.07481055e-01	-7.10508302e-02	-9.39407125e-02	-1.65955499e-01	3.22042197e-01	-1.10383697e-01	-3.84094543e-04	-8.35342482e-02	-8.27846304e-02	
6.09439388e-02	5.98295704e-02	8.81639272e-02	-3.94771136e-02	7.80576095e-02	3.26359123e-01	-9.83981341e-02	-1.28613114e-01	1.07776091e-01	-6.87085465e-02	1.54598966e-01	-6.49204180e-02	-4.48979400e-02	-2.10165549e-02	8.71538669e-02	-2.13406757e-02	-8.90537873e-02	5.12402914e-02	-2.10413620e-01	-2.00524688e-01	1.59595255e-02	8.42473358e-02	4.31673490e-02	6.76349699e-01	-1.10792339e-01	1.95735432e-02	7.58464485e-02	1.23417385e-01	1.20445639e-01	-9.35856104e-02	3.27104241e-01	1.80070139e-02	-1.83355454e-02	1.34206623e-01	1.21905133e-01	-2.09870920e-01	9.35538486e-02	2.71117508e-01	5.63240945e-02	7.46103153e-02	
-1.22833788e-01	9.26490575e-02	9.75634065e-03	-1.65065631e-01	6.80632666e-02	3.68804842e-01	-1.33322716e-01	8.66871551e-02	-5.54838479e-02	-1.43032193e-01	-1.86718430e-03	-1.20405301e-01	-1.13134250e-01	-4.48853821e-02	1.38760999e-01	5.40845133e-02	4.63941470e-02	-9.80530232e-02	3.54422890e-02	-4.94582057e-02	6.17130436e-02	1.65355951e-01	-8.57180730e-02	7.54152179e-01	2.30462343e-01	1.64513677e-01	-7.32380375e-02	1.46507278e-01	9.46311653e-02	1.11128710e-01	1.27947211e-01	-6.18679598e-02	-7.38019049e-02	1.76333159e-01	1.66920274e-01	-8.77489150e-01	1.08819015e-01	1.58790186e-01	1.53680548e-01	1.59640044e-01	
-1.09687276e-01	-7.74807259e-02	-4.75339778e-02	-3.37203592e-02	-1.46422371e-01	2.02379674e-01	-4.79577342e-03	-1.47946864e-01	-5.80415167e-02	2.60253754e-02	-7.60827214e-02	-1.06339954e-01	-1.38194159e-01	6.82346672e-02	1.93768933e-01	-1.23891659e-01	8.91391337e-02	3.82831832e-03	7.47282654e-02	1.99736618e-02	-4.22597816e-03	1.11521408e-01	1.33140860e-02	7.03880012e-01	1.74184427e-01	1.01114638e-01	-1.74217224e-01	2.48163342e-01	1.19899847e-01	-6.86511919e-02	9.37530920e-02	9.50065330e-02	-7.15722367e-02	1.78697690e-01	1.12642638e-01	-4.81212974e-01	1.03504099e-01	3.15635204e-01	1.39956633e-02	1.53255910e-01	
-1.25594750e-01	-1.40821502e-01	1.17951341e-01	-3.73676792e-02	-2.55899169e-02	9.68290195e-02	-7.72760436e-02	9.43904277e-03	-3.29681076e-02	-1.47292158e-02	1.38880104e-01	8.52710754e-02	5.64648807e-02	-1.45469785e-01	-1.69078097e-01	-6.69834018e-02	8.73776525e-02	1.28830642e-01	-6.31216587e-03	1.54885009e-01	7.85658956e-02	-1.56627655e-01	5.35077229e-02	1.25949085e-02	8.87335688e-02	1.91458259e-02	-1.40827730e-01	-2.62985639e-02	-8.98069218e-02	-1.43343002e-01	7.68549517e-02	1.16296504e-02	9.03034583e-02	1.06644623e-01	7.15692192e-02	1.03965946e-01	-1.11018367e-01	-5.96974231e-02	-1.08005881e-01	-9.44117457e-02	
1.26207128e-01	-2.69963089e-02	-7.34779313e-02	1.27862707e-01	-3.37180160e-02	1.56799421e-01	-3.21637951e-02	8.58723465e-03	1.25413433e-01	-1.70767866e-02	-8.98482800e-02	-8.08360279e-02	-3.28531861e-02	1.11937486e-01	-1.04688317e-01	6.90794513e-02	1.48731068e-01	8.60118866e-02	3.84276882e-02	-5.24169989e-02	4.86248136e-02	-8.86729211e-02	-1.55691594e-01	-3.50677334e-02	-5.93434162e-02	1.18650556e-01	-7.64968172e-02	-1.13766626e-01	3.90042439e-02	-1.08935036e-01	-3.82958651e-02	9.43380669e-02	-7.17961416e-02	2.94126123e-02	1.04898602e-01	-1.25382692e-01	1.17630340e-01	-1.50922656e-01	-9.45332572e-02	-1.57816291e-01	
1.03303164e-01	7.13680908e-02	9.54234973e-02	6.89952821e-03	1.35838777e-01	2.62840092e-01	-3.69892567e-02	5.89204840e-02	-1.26038134e-01	-1.80393055e-01	1.45378754e-01	-1.43541992e-01	-4.58499268e-02	5.62134981e-02	2.20237225e-01	-9.44514945e-02	-1.22112274e-01	-6.31325990e-02	-1.49195030e-01	1.26851156e-01	-5.35436608e-02	-1.69615038e-02	-4.53089438e-02	8.01579475e-01	2.06704602e-01	-1.09869219e-01	-8.51698220e-02	5.30508161e-03	1.56760380e-01	1.52184516e-01	3.17717791e-01	9.33702439e-02	-5.33835441e-02	2.23094910e-01	9.11359861e-02	-8.76410425e-01	2.51812458e-01	1.48024008e-01	8.41086265e-03	-1.38914408e-02	
-3.12782614e-03	-6.18514456e-02	-1.26888961e-01	1.87838599e-01	1.87792301e-01	-2.99751729e-01	1.40485540e-02	-8.59648213e-02	1.65205672e-01	-5.25584631e-02	-8.70371386e-02	-8.25857092e-03	-6.67633116e-02	8.12751278e-02	-4.82449308e-02	-2.62191799e-02	-6.63802326e-02	1.32846698e-01	2.21558347e-01	4.38313559e-02	1.41218141e-01	5.80091961e-02	-2.62145717e-02	-3.58726293e-01	9.89739746e-02	-6.62077591e-03	1.78438142e-01	1.13051005e-01	-1.99074000e-02	1.25128655e-02	-1.39628395e-01	1.35672078e-01	1.07586533e-01	3.17269117e-02	-9.53693017e-02	3.25632155e-01	-4.60748523e-02	-1.06586158e-01	-3.52971163e-03	1.61199182e-01	
-8.30304921e-02	-1.52770936e-01	1.20113716e-01	-1.00256041e-01	1.14375982e-03	2.31462613e-01	3.12184431e-02	-3.85205783e-02	4.95522693e-02	-4.47088911e-04	-6.27069874e-03	1.57225698e-01	1.24687888e-01	2.44217347e-02	5.86372390e-02	8.20328221e-02	-1.51771665e-01	-1.86468363e-02	-1.22168891e-01	-1.16168156e-01	-3.25567648e-02	1.30588964e-01	-2.61357557e-02	7.60923862e-01	2.35688135e-01	6.74859509e-02	-1.35769308e-01	2.50494182e-01	3.71841006e-02	-4.90309820e-02	1.48948535e-01	-2.00857371e-02	-6.34153932e-02	2.26047069e-01	2.19229206e-01	-4.64764714e-01	2.50904143e-01	3.14256549e-01	1.42925009e-01	1.53191641e-01	
-8.54926035e-02	1.10645518e-01	-3.34046036e-02	-1.55805156e-01	-3.83527093e-02	5.14971688e-02	-1.05223194e-01	2.09383368e-02	4.37051989e-02	1.46900281e-01	-2.36316938e-02	2.48238705e-02	5.11976853e-02	1.47399798e-01	-1.44353226e-01	-1.34648398e-01	1.29364699e-01	-3.43254171e-02	2.92049740e-02	-1.15171961e-01	8.84744972e-02	-9.37065408e-02	1.17718428e-01	2.46903095e-02	-1.47609944e-02	-7.97510594e-02	9.35607478e-02	1.82940606e-02	-8.86844546e-02	-5.81910983e-02	-9.77218449e-02	-4.01316658e-02	-9.68937725e-02	-2.34312769e-02	4.62289937e-02	1.36652067e-01	-1.15129173e-01	2.00100783e-02	-1.61475763e-02	3.71779874e-02	
1.57967389e-01	3.39516103e-02	-1.42472282e-01	-4.35397662e-02	1.40031680e-01	-2.46996731e-01	-1.35902375e-01	1.20280072e-01	2.71674851e-03	-1.49808452e-02	-1.30388483e-01	-8.55132788e-02	7.49450326e-02	-7.31405467e-02	-3.32322307e-02	1.20373547e-01	-1.19035140e-01	1.66650519e-01	1.71364233e-01	6.32527936e-03	7.55239325e-03	5.37586063e-02	1.24850154e-01	-3.12103301e-01	7.28286617e-03	-1.40439004e-01	1.12850912e-01	1.85305759e-01	3.76477540e-02	1.44816056e-01	-1.84048995e-01	-4.25728671e-02	8.21427107e-02	-2.42863432e-01	-5.57292923e-02	7.03631401e-01	-5.13229407e-02	-1.58285618e-01	5.70309460e-02	8.04552659e-02	
2.00701445e-01	5.96804603e-04	-7.07281977e-02	-2.77528241e-02	-3.96345668e-02	-1.56784594e-01	1.20948859e-01	1.22698091e-01	4.84080203e-02	2.39920076e-02	-1.92727577e-02	1.29693255e-01	1.10839978e-01	1.62986487e-01	-1.18394390e-01	1.39858395e-01	-1.25550538e-01	-4.68767099e-02	9.43683013e-02	7.80223981e-02	1.11957923e-01	1.51928589e-01	1.19495086e-01	-2.79947430e-01	2.16122214e-02	-1.32350817e-01	1.49905181e-03	5.81569374e-02	-1.32774070e-01	2.60952078e-02	-4.40363698e-02	4.59922366e-02	1.72070954e-02	-2.19760939e-01	-3.89117897e-02	2.06787840e-01	6.51062801e-02	-2.31566638e-01	1.29035935e-01	3.74334939e-02	
-6.76712692e-02	-1.56991646e-01	1.35394521e-02	-7.80346990e-02	7.21914396e-02	-1.02060989e-01	3.87140401e-02	-8.37450475e-02	1.21908948e-01	1.08013906e-01	-6.14955835e-03	4.08102162e-02	1.43196687e-01	-8.09448883e-02	9.60262343e-02	-1.62864089e-01	-6.45291433e-02	5.27432822e-02	-1.37742430e-01	1.04527138e-01	5.74674532e-02	-1.25453219e-01	2.55863070e-02	-1.15086310e-01	-1.37829721e-01	-1.01483792e-01	8.17333460e-02	-1.73155777e-02	-1.25064135e-01	-1.26816370e-02	1.05455264e-01	-1.24219067e-01	6.15429506e-02	-1.24019951e-01	-1.63813964e-01	-1.80244911e-02	6.68120990e-03	-2.75735874e-02	1.15094788e-01	1.09002374e-01	
-7.02124834e-02	2.98635829e-02	9.06185508e-02	3.12842280e-02	-1.43292516e-01	1.71796665e-01	-8.28487203e-02	-1.26059726e-01	7.44975656e-02	-3.65048721e-02	1.20532267e-01	-1.57222562e-02	-6.05861545e-02	1.80681825e-01	9.96190682e-02	-1.28632426e-01	1.21997222e-01	-1.58896267e-01	-9.17982310e-02	-1.40368447e-01	-1.49775952e-01	1.29578024e-01	1.96017828e-02	7.65182436e-01	3.06585282e-02	-6.85739964e-02	6.29506856e-02	2.40414307e-01	7.74473771e-02	2.16844037e-01	1.15396574e-01	1.30665109e-01	-1.02232367e-01	2.52610408e-02	-2.22894847e-02	-3.04014832e-01	2.89879180e-03	3.79525483e-01	1.87437445e-01	-3.47044878e-02	
1.01389810e-01	-7.10611418e-02	-5.71662374e-03	1.89950332e-01	9.41230431e-02	-2.19352528e-01	-7.53842061e-03	5.48665524e-02	8.87853652e-02	-3.15981954e-02	7.75942113e-04	1.09678634e-01	-1.26761675e-01	5.36774583e-02	1.62369963e-02	1.52613476e-01	-1.68058276e-02	-3.52278985e-02	6.46453500e-02	-2.61136852e-02	-2.00965442e-02	-7.09517673e-02	1.13439858e-01	-2.78507918e-01	-1.21142939e-01	1.07823372e-01	-1.81568842e-02	1.02932990e-01	-3.00091412e-02	-5.97658642e-02	-1.68105319e-01	4.10968289e-02	-9.67531055e-02	5.98495007e-02	7.23053049e-03	5.03755927e-01	7.70503581e-02	-2.01274715e-02	-1.11908205e-01	7.41803348e-02	
-7.57121071e-02	1.38908342e-01	2.11698949e-01	-2.51437783e-01	2.88695991e-01	2.43239850e-01	1.21168323e-01	2.64185965e-01	4.00523506e-02	-5.33887260e-02	-2.89366812e-01	1.41141206e-01	1.34804308e-01	-1.73461780e-01	1.40531614e-01	1.48614421e-01	-2.56546319e-01	1.46004811e-01	1.11941338e-01	1.89316958e-01	1.44888414e-02	1.10116951e-01	1.21090002e-01	-3.81277084e-01	2.20075667e-01	1.76575616e-01	-1.64735988e-01	-3.37299585e-01	-1.55747667e-01	1.34334579e-01	-4.34011817e-02	-1.92863137e-01	1.41988486e-01	-2.59369224e-01	1.52485445e-01	1.64501175e-01	1.81583449e-01	-4.18492733e-03	-2.62637138e-01	2.01413259e-01	
4.88950312e-02	
6.21339798e-01	
-4.73463178e-01	
-4.34461474e-01	
-5.03606796e-01	
-6.49478436e-01	
4.05823924e-02	
-5.12040406e-02	
1.84975520e-01	
-4.72474515e-01	
5.12308359e-01	
-4.90489662e-01	
1.50064081e-01	
6.43526852e-01	
-3.31895560e-01	
4.14759889e-02	
1.84287071e-01	
-5.93332946e-01	
4.85857934e-01	
7.00221181e-01	
-1.72241598e-01	
-7.32683659e-01	
-7.37058818e-02	
4.44663435e-01	
-1.72853053e-01	
3.46482873e-01	
-5.04209816e-01	
1.63892478e-01	
-7.87571669e-02	
-3.77690420e-02	
-3.59549165e-01	
-1.46177995e+00	
-4.46474195e-01	
1.88381597e-01	
-5.08049071e-01	
-2.95656830e-01	
6.85722947e-01	
-1.63797829e-02	
-5.29769719e-01	
-6.42797947e-01	
1.53907418e-01	
4.60959598e-02	
1.53019279e-01	
-6.86957091e-02	
-5.64744100e-02	
1.66776460e-02	
-8.31636116e-02	
1.57645613e-01	
-3.71030881e-03	
3.57852206e-02	
-8.45056698e-02	
-3.71901654e-02	
-8.85890424e-02	
9.21053663e-02	
1.42363146e-01	
5.97638153e-02	
4.45369892e-02	
2.01048642e-01	
1.24741346e-01	
-4.14428487e-02	
3.30331624e-02	
1.60322636e-01	
8.36300626e-02	
2.06484646e-01	
1.05330832e-01	
9.52540338e-02	
9.13050398e-02	
2.16873720e-01	
8.09158236e-02	
7.83275813e-02	
8.90201256e-02	
-1.21903487e-01	
-1.08432323e-01	
1.28887475e-01	
1.32121339e-01	
-1.09299354e-01	
-6.61190785e-03	
-4.98015396e-02	
1.21435240e-01	
8.59258622e-02	
-1.25501648e-01	
-4.63272817e-03	
4.54514027e-02	
3.04362718e-02	
-2.07800735e-02	
-5.06417230e-02	
9.95168686e-02	
8.76941234e-02	
-1.06432224e-02	
-5.12638055e-02	
-5.75062782e-02	
3.17919999e-02	
5.63983768e-02	
1.33807734e-01	
1.34924501e-01	
-6.58059642e-02	
1.85613468e-01	
9.99023765e-02	
9.61684287e-02	
4.95669693e-02	
-5.91021143e-02	
-1.39363423e-01	
9.66392979e-02	
-6.28725514e-02	
-1.30303940e-02	
1.19757965e-01	
-1.43457666e-01	
3.19030546e-02	
1.97357848e-01	
3.86705063e-02	
-1.62766442e-01	
1.66748315e-01	
1.87847707e-02	
3.29228789e-02	
2.22027600e-02	
2.94230282e-02	
1.38915718e-01	
-1.33769050e-01	
1.60120577e-01	
8.12255144e-02	
-1.29365131e-01	
