0	0	0	0	0	0	0	0	0	0	0	0	0	0	0	0	0	0	0	0	0	0	0	0	0	0	0	0	0	0	0	0	0	0	0	0	0	0	0	0	0	0	0	0	0	0	0	0	0	0	0	0	0	0	0	0	0	0	0	0	0	0	0	0	0	0	0	0	0	0	0	0	0	0	0	0	0	0	0	0	0	0	0	0	0	0	0	0	0	0	0	0	0	0	0	0	0	0	0	0	0	0	0	0	0	0	0	0	0	0	0	0	0	0	0	0	0	0	0	0	0	0	0	0	0	0	0	0	0	
0	0	0	0	0	0	0	0	0	0	0	0	0	0	0	0	0	0	0	0	0	0	0	0	0	0	0	0	0	0	0	0	0	0	0	0	0	0	0	0	0	0	0	0	0	0	0	0	0	0	0	0	0	0	0	0	0	0	0	0	0	0	0	0	0	0	0	0	0	0	0	0	0	0	0	0	0	0	0	0	0	0	0	0	0	0	0	0	0	0	0	0	0	0	0	0	0	0	0	0	0	0	0	0	0	0	0	0	0	0	0	0	0	0	0	0	0	0	0	0	0	0	0	0	0	0	0	0	0	
0	0	0	0	0	0	0	0	0	0	0	0	0	0	0	0	0	0	0	0	0	0	0	0	0	0	0	0	0	0	0	0	0	0	0	0	0	0	0	0	0	0	0	0	0	0	0	0	0	0	0	0	0	0	0	0	0	0	0	0	0	0	0	0	0	0	0	0	0	0	0	0	0	0	0	0	0	0	0	0	0	0	0	0	0	0	0	0	0	0	0	0	0	0	0	0	0	0	0	0	0	0	0	0	0	0	0	0	0	0	0	0	0	0	0	0	0	0	0	0	0	0	0	0	0	0	0	0	0	
0	0	0	0	0	0	0	0	0	0	0	0	0	0	0	0	0	0	0	0	0	0	0	0	0	0	0	0	0	0	0	0	0	0	0	0	0	0	0	0	0	0	0	0	0	0	0	0	0	0	0	0	0	0	0	0	0	0	0	0	0	0	0	0	0	0	0	0	0	0	0	0	0	0	0	0	0	0	0	0	0	0	0	0	0	0	0	0	0	0	0	0	0	0	0	0	0	0	0	0	0	0	0	0	0	0	0	0	0	0	0	0	0	0	0	0	0	0	0	0	0	0	0	0	0	0	0	0	0	
0	0	0	0	0	0	0	0	0	0	0	0	0	0	0	0	0	0	0	0	0	0	0	0	0	0	0	0	0	0	0	0	0	0	0	0	0	0	0	0	0	0	0	0	0	0	0	0	0	0	0	0	0	0	0	0	0	0	0	0	0	0	0	0	0	0	0	0	0	0	0	0	0	0	0	0	0	0	0	0	0	0	0	0	0	0	0	0	0	0	0	0	0	0	0	0	0	0	0	0	0	0	0	0	0	0	0	0	0	0	0	0	0	0	0	0	0	0	0	0	0	0	0	0	0	0	0	0	0	
0	0	0	0	0	0	0	0	0	0	0	0	0	0	0	0	0	0	0	0	0	0	0	0	0	0	0	0	0	0	0	0	0	0	0	0	0	0	0	0	0	0	0	0	0	0	0	0	0	0	0	0	0	0	0	0	0	0	0	0	0	0	0	0	0	0	0	0	0	0	0	0	0	0	0	0	0	0	0	0	0	0	0	0	0	0	0	0	0	0	0	0	0	0	0	0	0	0	0	0	0	0	0	0	0	0	0	0	0	0	0	0	0	0	0	0	0	0	0	0	0	0	0	0	0	0	0	0	0	
0	0	0	0	0	0	0	0	0	0	0	0	0	0	0	0	0	0	0	0	0	0	0	0	0	0	0	0	0	0	0	0	0	0	0	0	0	0	0	0	0	0	0	0	0	0	0	0	0	0	0	0	0	0	0	0	0	15	105	2	0	0	0	0	0	0	0	0	0	0	0	0	0	0	0	0	0	0	0	0	0	0	0	0	0	0	0	0	0	0	0	0	0	0	0	0	0	0	0	0	0	0	0	0	0	0	0	0	0	0	0	0	0	0	0	0	0	0	0	0	0	0	0	0	0	0	0	0	0	
0	0	0	0	0	0	0	0	0	0	0	0	0	0	0	0	0	0	0	0	0	0	0	0	0	0	0	0	0	0	0	0	0	0	0	0	0	0	0	0	0	0	0	0	0	0	0	0	0	0	0	0	0	0	0	0	0	179	104	42	128	19	0	0	0	0	0	0	0	0	0	0	0	0	0	0	0	0	0	0	0	0	0	0	0	0	0	0	0	0	0	0	0	0	0	0	0	0	0	0	0	0	0	0	0	0	0	0	0	0	0	0	0	0	0	0	0	0	0	0	0	0	0	0	0	0	0	0	0	
0	0	0	0	0	0	0	0	0	0	0	0	0	0	0	0	0	0	0	0	0	0	0	0	0	0	0	0	0	0	0	0	0	0	0	0	0	0	0	0	0	0	0	0	0	0	0	0	0	0	0	0	0	0	0	0	4	197	87	145	366	111	0	0	0	0	0	0	0	0	0	0	0	0	0	0	0	0	0	0	0	0	0	0	0	0	0	0	0	0	0	0	0	0	0	0	0	0	0	0	0	0	0	0	0	0	0	0	0	0	0	0	0	0	0	0	0	0	0	0	0	0	0	0	0	0	0	0	0	
0	0	0	0	0	0	0	0	0	0	0	0	0	0	0	0	0	0	0	0	0	0	0	0	0	0	0	0	0	0	0	0	0	0	0	0	0	0	0	0	0	0	0	0	0	0	0	0	0	0	0	0	0	0	0	0	100	279	114	223	553	113	0	0	0	0	0	0	0	0	0	0	0	0	0	0	0	0	0	0	0	0	0	0	0	0	0	0	0	0	0	0	0	0	0	0	0	0	0	0	0	0	0	0	0	0	0	0	0	0	0	0	0	0	0	0	0	0	0	0	0	0	0	0	0	0	0	0	0	
0	0	0	0	0	0	0	0	0	0	0	0	0	0	0	0	0	0	0	0	0	0	0	0	0	0	0	0	0	0	0	0	0	0	0	0	0	0	0	0	0	0	0	0	0	0	0	0	0	0	0	0	0	0	0	0	294	259	203	43	404	264	1	0	0	0	0	0	0	0	0	0	0	0	0	0	0	0	0	0	0	0	0	0	0	0	0	0	0	0	0	0	0	0	0	0	0	0	0	0	0	0	0	0	0	0	0	0	0	0	0	0	0	0	0	0	0	0	0	0	0	0	0	0	0	0	0	0	0	
0	0	0	0	0	0	0	0	0	0	0	0	0	0	0	0	0	0	0	0	0	0	0	0	0	0	0	0	0	0	0	0	0	0	0	0	0	0	0	0	0	0	0	0	0	0	0	0	0	0	0	0	0	0	0	13	826	578	201	99	375	307	182	0	0	0	0	0	0	0	0	0	0	0	0	0	0	0	0	0	0	0	0	0	0	0	0	0	0	0	0	0	0	0	0	0	0	0	0	0	0	0	0	0	0	0	0	0	0	0	0	0	0	0	0	0	0	0	0	0	0	0	0	0	0	0	0	0	0	
0	0	0	0	0	0	0	0	0	0	0	0	0	0	0	0	0	0	0	0	0	0	0	0	0	0	0	0	0	0	0	0	0	0	0	0	0	0	0	0	0	0	0	0	0	0	0	0	0	0	0	0	0	0	0	165	881	953	194	41	462	354	789	86	0	0	0	0	0	0	0	0	0	0	0	0	0	0	0	0	0	0	0	0	0	0	0	0	0	0	0	0	0	0	0	0	0	0	0	0	0	0	0	0	0	0	0	0	0	0	0	0	0	0	0	0	0	0	0	0	0	0	0	0	0	0	0	0	0	
0	0	0	0	0	0	0	0	0	0	0	0	0	0	0	0	0	0	0	0	0	0	0	0	0	0	0	0	0	0	0	0	0	0	0	0	0	0	0	0	0	0	0	0	0	0	0	0	0	0	0	0	0	0	0	523	1403	1808	400	26	127	140	554	274	7	0	0	0	0	0	0	0	0	0	0	0	0	0	0	0	0	0	0	0	0	0	0	0	0	0	0	0	0	0	0	0	0	0	0	0	0	0	0	0	0	0	0	0	0	0	0	0	0	0	0	0	0	0	0	0	0	0	0	0	0	0	0	0	0	
0	0	0	0	0	0	0	0	0	0	0	0	0	0	0	0	0	0	0	0	0	0	0	0	0	0	0	0	0	0	0	0	0	0	0	0	0	0	0	0	0	0	0	0	0	0	0	0	0	0	0	0	0	0	4	950	2185	1887	416	105	90	103	301	478	48	0	0	0	0	0	0	0	0	0	0	0	0	0	0	0	0	0	0	0	0	0	0	0	0	0	0	0	0	0	0	0	0	0	0	0	0	0	0	0	0	0	0	0	0	0	0	0	0	0	0	0	0	0	0	0	0	0	0	0	0	0	0	0	0	
0	0	0	0	0	0	0	0	0	0	0	0	0	0	0	0	0	0	0	0	0	0	0	0	0	0	0	0	0	0	0	0	0	0	0	0	0	0	0	0	0	0	0	0	0	0	0	0	0	0	0	0	0	0	137	1661	2516	1662	427	191	90	241	135	440	63	4	0	0	0	0	0	0	0	0	0	0	0	0	0	0	0	0	0	0	0	0	0	0	0	0	0	0	0	0	0	0	0	0	0	0	0	0	0	0	0	0	0	0	0	0	0	0	0	0	0	0	0	0	0	0	0	0	0	0	0	0	0	0	0	
0	0	0	0	0	0	0	0	0	0	0	0	0	0	0	0	0	0	0	0	0	0	0	0	0	0	0	0	0	0	0	0	0	0	0	0	0	0	0	0	0	0	0	0	0	0	0	0	0	0	0	0	0	0	510	2356	2478	1427	334	200	87	214	128	237	398	21	9	0	0	0	0	0	0	0	0	0	0	0	0	0	0	0	0	0	0	0	0	0	0	0	0	0	0	0	0	0	0	0	0	0	0	0	0	0	0	0	0	0	0	0	0	0	0	0	0	0	0	0	0	0	0	0	0	0	0	0	0	0	0	
0	0	0	0	0	0	0	0	0	0	0	0	0	0	0	0	0	0	0	0	0	0	0	0	0	0	0	0	0	0	0	0	0	0	0	0	0	0	0	0	0	0	0	0	0	0	0	0	0	0	0	0	0	22	1253	3698	2418	1627	527	174	64	122	122	166	541	43	97	6	32	0	0	0	0	0	0	0	0	0	0	0	0	0	0	0	0	0	0	0	0	0	0	0	0	0	0	0	0	0	0	0	0	0	0	0	0	0	0	0	0	0	0	0	0	0	0	0	0	0	0	0	0	0	0	0	0	0	0	0	0	
0	0	0	0	0	0	0	0	0	0	0	0	0	0	0	0	0	0	0	0	0	0	0	0	0	0	0	0	0	0	0	0	0	0	0	0	0	0	0	0	0	0	0	0	0	0	0	0	0	0	0	0	0	237	2572	4342	2879	2296	809	295	169	255	361	117	258	167	175	39	41	30	0	0	0	0	0	0	0	0	0	0	0	0	0	0	0	0	0	0	0	0	0	0	0	0	0	0	0	0	0	0	0	0	0	0	0	0	0	0	0	0	0	0	0	0	0	0	0	0	0	0	0	0	0	0	0	0	0	0	0	
0	0	0	0	0	0	0	0	0	0	0	0	0	0	0	0	0	0	0	0	0	0	0	0	0	0	0	0	0	0	0	0	0	0	0	0	0	0	0	0	0	0	0	0	0	0	0	0	0	0	0	0	7	987	4811	5504	3325	3166	985	565	388	443	622	160	53	124	218	135	33	20	1	0	0	0	0	0	0	0	0	0	0	0	0	0	0	0	0	0	0	0	0	0	0	0	0	0	0	0	0	0	0	0	0	0	0	0	0	0	0	0	0	0	0	0	0	0	0	0	0	0	0	0	0	0	0	0	0	0	0	
0	0	0	0	0	0	0	0	0	0	0	0	0	0	0	0	0	0	0	0	0	0	0	0	0	0	0	0	0	0	0	0	0	0	0	0	0	0	0	0	0	0	0	0	0	0	0	0	0	0	0	0	255	2325	6742	6831	3704	2026	1612	1038	1004	823	420	245	82	156	352	340	99	25	44	0	0	0	0	0	0	0	0	0	0	0	0	0	0	0	0	0	0	0	0	0	0	0	0	0	0	0	0	0	0	0	0	0	0	0	0	0	0	0	0	0	0	0	0	0	0	0	0	0	0	0	0	0	0	0	0	0	0	
0	0	0	0	0	0	0	0	0	0	0	0	0	0	0	0	0	0	0	0	0	0	0	0	0	0	0	0	0	0	0	0	0	0	0	0	0	0	0	0	0	0	0	0	0	0	0	0	0	0	0	49	944	4148	9365	7769	4216	2954	2753	1846	2131	1697	857	346	67	98	384	769	334	225	147	113	2	0	0	0	0	0	0	0	0	0	0	0	0	0	0	0	0	0	0	0	0	0	0	0	0	0	0	0	0	0	0	0	0	0	0	0	0	0	0	0	0	0	0	0	0	0	0	0	0	0	0	0	0	0	0	0	0	
0	0	0	0	0	0	0	0	0	0	0	0	0	0	0	0	0	0	0	0	0	0	0	0	0	0	0	0	0	0	0	0	0	0	0	0	0	0	0	0	0	0	0	0	0	0	0	0	0	0	13	320	2147	6285	10067	7387	4819	4290	4214	3674	3553	1947	954	437	138	76	364	392	537	777	231	227	137	0	0	0	0	0	0	0	0	0	0	0	0	0	0	0	0	0	0	0	0	0	0	0	0	0	0	0	0	0	0	0	0	0	0	0	0	0	0	0	0	0	0	0	0	0	0	0	0	0	0	0	0	0	0	0	0	
0	0	0	0	0	0	0	0	0	0	0	0	0	0	0	0	0	0	0	0	0	0	0	0	0	0	0	0	0	0	0	0	0	0	0	0	0	0	0	0	0	0	0	0	0	0	0	0	0	30	111	985	3309	8517	11164	7837	4976	5582	5718	5481	3392	2007	781	398	223	316	703	316	378	745	471	262	205	72	30	0	0	0	0	0	0	0	0	0	0	0	0	0	0	0	0	0	0	0	0	0	0	0	0	0	0	0	0	0	0	0	0	0	0	0	0	0	0	0	0	0	0	0	0	0	0	0	0	0	0	0	0	0	0	
0	0	0	0	0	0	0	0	0	0	0	0	0	0	0	0	0	0	0	0	0	0	0	0	0	0	0	0	0	0	0	0	0	0	0	0	0	0	0	0	0	0	0	0	0	0	0	0	0	123	626	2367	4697	9987	11976	8795	6616	6732	6477	7221	3871	2177	1095	525	307	626	880	982	253	643	709	406	261	133	174	25	0	0	0	0	0	0	0	0	0	0	0	0	0	0	0	0	0	0	0	0	0	0	0	0	0	0	0	0	0	0	0	0	0	0	0	0	0	0	0	0	0	0	0	0	0	0	0	0	0	0	0	0	0	
0	0	0	0	0	0	0	0	0	0	0	0	0	0	0	0	0	0	0	0	0	0	0	0	0	0	0	0	0	0	0	0	0	0	0	0	0	0	0	0	0	0	0	0	0	0	0	0	16	341	1703	3507	5760	12165	13552	11010	8967	9125	8054	7003	4071	2628	1821	1367	642	1102	1357	1654	553	494	1028	459	435	365	347	259	14	6	0	0	0	0	0	0	0	0	0	0	0	0	0	0	0	0	0	0	0	0	0	0	0	0	0	0	0	0	0	0	0	0	0	0	0	0	0	0	0	0	0	0	0	0	0	0	0	0	0	0	0	
0	0	0	0	0	0	0	0	0	0	0	0	0	0	0	0	0	0	0	0	0	0	0	0	0	0	0	0	0	0	0	0	0	0	0	0	0	0	0	0	0	0	0	0	0	0	0	0	142	896	3129	4520	7116	14186	17304	14437	11409	10177	9753	7752	5376	3852	2507	1675	910	1644	2080	1505	1093	671	1098	1057	828	767	776	580	289	54	5	0	0	0	0	0	0	0	0	0	0	0	0	0	0	0	0	0	0	0	0	0	0	0	0	0	0	0	0	0	0	0	0	0	0	0	0	0	0	0	0	0	0	0	0	0	0	0	0	0	0	
0	0	0	0	0	0	0	0	0	0	0	0	0	0	0	0	0	0	0	0	0	0	0	0	0	0	0	0	0	0	0	0	0	0	0	0	0	0	0	0	0	0	0	0	0	0	0	25	562	1868	4187	6487	10608	14439	19684	15680	14644	11428	10932	9836	7344	5904	3472	2087	1441	1798	2759	1752	1485	983	1068	2034	1421	1366	1092	466	464	230	37	0	0	0	0	0	0	0	0	0	0	0	0	0	0	0	0	0	0	0	0	0	0	0	0	0	0	0	0	0	0	0	0	0	0	0	0	0	0	0	0	0	0	0	0	0	0	0	0	0	0	
0	0	0	0	0	0	0	0	0	0	0	0	0	0	0	0	0	0	0	0	0	0	0	0	0	0	0	0	0	0	0	0	0	0	0	0	0	0	0	0	0	0	0	0	0	0	0	230	1305	2806	5683	9079	14726	17066	21144	16408	15786	13996	14714	14515	9253	7539	5066	2941	1444	2156	3618	2440	2190	1639	1418	2475	2896	1664	1227	665	813	714	212	57	5	0	0	0	0	0	0	0	0	0	0	0	0	0	0	0	0	0	0	0	0	0	0	0	0	0	0	0	0	0	0	0	0	0	0	0	0	0	0	0	0	0	0	0	0	0	0	0	0	
0	0	0	0	0	0	0	0	0	0	0	0	0	0	0	0	0	0	0	0	0	0	0	0	0	0	0	0	0	0	0	0	0	0	0	0	0	0	0	0	0	0	0	0	0	0	31	646	2176	4206	7006	12612	19716	22309	22823	17610	16893	17049	18325	17991	11746	8260	6575	3751	1997	2735	3688	3217	3356	2905	2103	2504	3993	2321	1330	949	961	1105	224	101	32	11	0	0	0	0	0	0	0	0	0	0	0	0	0	0	0	0	0	0	0	0	0	0	0	0	0	0	0	0	0	0	0	0	0	0	0	0	0	0	0	0	0	0	0	0	0	0	0	
0	0	0	0	0	0	0	0	0	0	0	0	0	0	0	0	0	0	0	0	0	0	0	0	0	0	0	0	0	0	0	0	0	0	0	0	0	0	0	0	0	0	0	0	0	19	318	1567	3266	5874	7950	14461	23703	28825	26528	22043	21783	20229	20248	18148	12242	7562	7348	4805	2390	2565	3305	4104	4605	3660	2979	2355	3533	2790	1552	1331	1232	1083	388	128	103	139	74	0	0	0	0	0	0	0	0	0	0	0	0	0	0	0	0	0	0	0	0	0	0	0	0	0	0	0	0	0	0	0	0	0	0	0	0	0	0	0	0	0	0	0	0	0	0	
0	0	0	0	0	0	0	0	0	0	0	0	0	0	0	0	0	0	0	0	0	0	0	0	0	0	0	0	0	0	0	0	0	0	0	0	0	0	0	0	0	0	0	0	3	177	1263	3286	5435	7056	9105	15609	25141	33340	32767	28325	26970	23429	21262	17566	12335	8007	6928	5729	2785	2732	3266	4387	5077	4571	4152	2585	3269	3151	2190	1477	1262	1282	632	188	454	318	484	167	1	0	0	0	0	0	0	0	0	0	0	0	0	0	0	0	0	0	0	0	0	0	0	0	0	0	0	0	0	0	0	0	0	0	0	0	0	0	0	0	0	0	0	0	0	
0	0	0	0	0	0	0	0	0	0	0	0	0	0	0	0	0	0	0	0	0	0	0	0	0	0	0	0	0	0	0	0	0	0	0	0	0	0	0	0	0	0	0	0	38	701	3264	6489	9369	9373	11302	17592	26982	39493	43783	38296	31365	27743	23664	19481	14463	9825	8065	6867	3080	2860	3445	4213	5034	4740	5122	4405	3418	3404	3142	2069	1270	1564	1387	638	461	517	794	738	250	0	0	0	0	0	0	0	0	0	0	0	0	0	0	0	0	0	0	0	0	0	0	0	0	0	0	0	0	0	0	0	0	0	0	0	0	0	0	0	0	0	0	0	0	
0	0	0	0	0	0	0	0	0	0	0	0	0	0	0	0	0	0	0	0	0	0	0	0	0	0	0	0	0	0	0	0	0	0	0	0	0	0	0	0	0	0	0	0	186	2608	7285	12138	15275	13748	14830	21785	31552	51178	64192	53438	38131	31845	27364	21083	16440	11887	9051	6774	3500	2568	3645	3880	4765	4482	6465	6122	4362	4045	3931	2833	2098	1759	1869	1307	503	749	1362	1573	1118	528	3	0	0	0	0	0	0	0	0	0	0	0	0	0	0	0	0	0	0	0	0	0	0	0	0	0	0	0	0	0	0	0	0	0	0	0	0	0	0	0	0	0	0	
0	0	0	0	0	0	0	0	0	0	0	0	0	0	0	0	0	0	0	0	0	0	0	0	0	0	0	0	0	0	0	0	0	0	0	0	0	0	0	0	0	0	0	24	1177	6832	14668	20641	21522	20902	21981	31669	44892	78973	104263	77153	48101	35427	27464	21335	17541	12517	8346	5693	4130	3141	3859	4079	4161	4076	6735	6722	5355	4746	4327	3567	3136	2286	2720	2940	1317	1115	1797	1902	1838	1671	685	6	0	0	0	0	0	0	0	0	0	0	0	0	0	0	0	0	0	0	0	0	0	0	0	0	0	0	0	0	0	0	0	0	0	0	0	0	0	0	0	0	0	
0	0	0	0	0	0	0	0	0	0	0	0	0	0	0	0	0	0	0	0	0	0	0	0	0	0	0	0	0	0	0	0	0	0	0	0	0	0	0	0	0	0	3	417	4510	13614	25413	28426	27975	28408	33015	44872	68564	131174	166979	108322	61391	36183	27540	22587	17452	12577	7978	5695	4951	3800	4529	5129	4470	3764	6111	6211	4910	5075	5061	4173	4091	3375	3452	3649	2595	1702	2554	3064	2794	2155	1626	921	98	0	0	0	0	0	0	0	0	0	0	0	0	0	0	0	0	0	0	0	0	0	0	0	0	0	0	0	0	0	0	0	0	0	0	0	0	0	0	0	0	
0	0	0	0	0	0	0	0	0	0	0	0	0	0	0	0	0	0	0	0	0	0	0	0	0	0	0	0	0	0	0	0	0	0	0	0	0	0	0	0	0	0	92	1992	9936	22034	31860	32753	29671	32409	42631	62586	105036	195460	226013	140548	75425	40031	31534	24628	18242	13840	8053	6331	6319	5110	5303	5466	5301	4989	6408	5664	4593	4851	5130	4597	5499	4954	4437	4211	3407	3019	3738	4039	4314	2987	2243	2348	1675	322	0	0	0	0	0	0	0	0	0	0	0	0	0	0	0	0	0	0	0	0	0	0	0	0	0	0	0	0	0	0	0	0	0	0	0	0	0	0	0	
0	0	0	0	0	0	0	0	0	0	0	0	0	0	0	0	0	0	0	0	0	0	0	0	0	0	0	0	0	0	0	0	0	0	0	0	0	0	0	0	0	20	542	6148	18177	27038	30933	29412	27959	33288	49888	82238	145799	233143	243190	152368	83910	48305	36199	29670	21341	15721	9972	8291	7458	7172	6735	6391	6520	6758	7353	5218	4352	5199	5090	4386	5945	6004	5479	5388	4771	4419	5410	4867	4448	5016	3672	3146	3659	3549	1016	7	0	0	0	0	0	0	0	0	0	0	0	0	0	0	0	0	0	0	0	0	0	0	0	0	0	0	0	0	0	0	0	0	0	0	0	0	0	
0	0	0	0	0	0	0	0	0	0	0	0	0	0	0	0	0	0	0	0	0	0	0	0	0	0	0	0	0	0	0	0	0	0	0	0	0	0	0	0	0	154	2389	13098	24830	27313	26484	24611	25494	33670	55793	105553	181080	231180	214340	146998	85825	55217	44682	35906	26809	21040	13753	11741	10316	10627	9483	8602	7183	7446	8047	5659	4507	5875	4192	4024	6255	6182	5725	5911	6227	6407	7404	6620	4844	5436	5238	4313	5026	6293	5550	1330	54	0	0	0	0	0	0	0	0	0	0	0	0	0	0	0	0	0	0	0	0	0	0	0	0	0	0	0	0	0	0	0	0	0	0	0	0	
0	0	0	0	0	0	0	0	0	0	0	0	0	0	0	0	0	0	0	0	0	0	0	0	0	0	0	0	0	0	0	0	0	0	0	0	0	0	0	0	32	698	7393	22439	31100	30847	25192	23310	25559	33996	63328	136376	220097	229754	198434	145746	92560	66862	53077	43493	35560	27608	20840	17534	15390	15088	13405	11219	8111	7866	8970	6137	5564	6167	4368	4464	7001	6332	5741	6702	7258	8085	8269	8362	5407	4973	5266	4955	5080	6650	6651	4259	1514	106	0	0	0	0	0	0	0	0	0	0	0	0	0	0	0	0	0	0	0	0	0	0	0	0	0	0	0	0	0	0	0	0	0	0	0	
0	0	0	0	0	0	0	0	0	0	0	0	0	0	0	0	0	0	0	0	0	0	0	0	0	0	0	0	0	0	0	0	0	0	0	0	0	0	0	3	172	2791	14779	31865	39709	35656	28655	24128	27294	40058	77128	179438	289435	271119	229013	184029	114263	83210	67436	54487	44488	35643	30147	25595	21718	19401	16894	13434	9251	9091	10579	8418	6589	7106	5282	5416	8339	7291	6031	6377	7330	7502	8179	8604	6472	4227	3978	4502	5283	6978	6548	4692	3702	3087	803	0	0	0	0	0	0	0	0	0	0	0	0	0	0	0	0	0	0	0	0	0	0	0	0	0	0	0	0	0	0	0	0	0	0	
0	0	0	0	0	0	0	0	0	0	0	0	0	0	0	0	0	0	0	0	0	0	0	0	0	0	0	0	0	0	0	0	0	0	0	0	0	0	1	44	866	6969	24378	43434	45619	42313	34115	26355	29997	50917	102970	225407	383920	355581	319932	263175	146964	102745	87645	70083	53121	42277	37429	34536	26790	21714	17387	15232	12849	12229	13171	10417	8885	9209	7020	7571	9038	7199	6537	6545	8342	7316	7047	8615	6331	4272	3956	4660	5875	7067	7132	5096	4856	7715	8592	2575	41	0	0	0	0	0	0	0	0	0	0	0	0	0	0	0	0	0	0	0	0	0	0	0	0	0	0	0	0	0	0	0	0	
0	0	0	0	0	0	0	0	0	0	0	0	0	0	0	0	0	0	0	0	0	0	0	0	0	0	0	0	0	0	0	0	0	0	0	0	0	0	42	178	2963	16149	35153	47114	46478	43449	40033	31167	33779	64121	126950	261684	439996	424320	425660	344605	166760	112320	110744	83902	58404	43415	41634	39804	30846	23104	17782	18132	18694	17172	15904	10953	10722	11089	9355	8737	9606	7404	6693	8036	8644	7625	7845	8828	8128	5344	4341	5474	6853	7500	7973	6890	5859	9339	16106	14545	5331	249	0	0	0	0	0	0	0	0	0	0	0	0	0	0	0	0	0	0	0	0	0	0	0	0	0	0	0	0	0	0	0	
0	0	0	0	0	0	0	0	0	0	0	0	0	0	0	0	0	0	0	0	0	0	0	0	0	0	0	0	0	0	0	0	0	0	0	0	0	0	82	1232	8877	28826	40663	44650	41828	41059	45114	41147	41466	74476	149169	288172	440564	453038	499681	378042	165141	109983	116348	86247	57817	42511	41224	39459	34169	25945	22304	24538	26841	21605	15921	11200	12516	13894	11864	10241	9229	8554	8664	10563	9983	8997	9374	10711	9688	8220	7151	6525	8021	8919	7890	7383	7788	11204	15705	17885	15844	7792	1042	0	0	0	0	0	0	0	0	0	0	0	0	0	0	0	0	0	0	0	0	0	0	0	0	0	0	0	0	0	0	
0	0	0	0	0	0	0	0	0	0	0	0	0	0	0	0	0	0	0	0	0	0	0	0	0	0	0	0	0	0	0	0	0	0	0	0	0	31	281	4862	22065	44766	47146	41711	44099	42848	51357	54625	50766	81753	173901	334301	472426	495716	550915	376289	161653	102110	101397	76737	55060	40979	38785	37754	38649	32591	28980	33695	35927	24729	16599	13014	16843	18971	14286	12277	10869	10709	11454	13596	12032	10546	12697	12476	12348	12113	11221	9285	7760	8691	7615	6828	9420	13947	15512	13915	14437	15463	15776	5317	22	0	0	0	0	0	0	0	0	0	0	0	0	0	0	0	0	0	0	0	0	0	0	0	0	0	0	0	0	
0	0	0	0	0	0	0	0	0	0	0	0	0	0	0	0	0	0	0	0	0	0	0	0	0	0	0	0	0	0	0	0	0	0	0	0	0	40	1486	12967	44200	68299	54829	46151	53570	49913	53467	66826	62349	94928	213273	418198	580574	620753	614496	385473	168487	94110	76679	61638	52024	40375	36858	37114	41945	38044	33873	42262	46703	31347	20542	19922	25917	26703	18690	15903	15357	14297	13577	14891	14429	12418	14509	14828	15280	14318	13565	11041	7909	7954	8998	7371	10712	15677	15452	13358	13045	15649	27932	38569	18197	647	0	0	0	0	0	0	0	0	0	0	0	0	0	0	0	0	0	0	0	0	0	0	0	0	0	0	0	
0	0	0	0	0	0	0	0	0	0	0	0	0	0	0	0	0	0	0	0	0	0	0	0	0	0	0	0	0	0	0	0	0	0	0	0	3	285	4123	25657	76625	102564	67006	52334	61259	56546	60325	77968	76978	123779	285511	534154	723899	718213	646407	408870	193821	93036	54981	47337	45482	35729	34899	37813	42990	38103	33144	43549	54735	42825	30257	30856	37984	33221	23324	20367	20553	18390	15328	13526	15067	13925	14901	16877	17130	14494	15272	13442	9248	9862	10778	10271	12910	17424	16490	14943	14452	15420	25146	45810	60006	42219	4876	0	0	0	0	0	0	0	0	0	0	0	0	0	0	0	0	0	0	0	0	0	0	0	0	0	0	
0	0	0	0	0	0	0	0	0	0	0	0	0	0	0	0	0	0	0	0	0	0	0	0	0	0	0	0	0	0	0	0	0	0	0	0	23	867	8702	41608	105856	137480	83904	56347	60999	65425	77570	96599	104851	176078	387043	651466	786473	698623	624730	434713	215696	89299	40968	36623	37246	29383	29503	37238	45654	38722	33192	43455	61435	57869	45316	44707	50319	41048	28647	26383	28250	23324	16679	14234	16947	16235	15968	17118	18050	15087	15278	15879	12555	12573	15597	17669	20334	21355	18542	19393	21437	18554	21248	32913	54055	82416	65570	14964	39	0	0	0	0	0	0	0	0	0	0	0	0	0	0	0	0	0	0	0	0	0	0	0	0	
0	0	0	0	0	0	0	0	0	0	0	0	0	0	0	0	0	0	0	0	0	0	0	0	0	0	0	0	0	0	0	0	0	0	0	3	128	1921	13098	49548	108499	145926	92425	58135	59510	81679	114129	133636	156506	249771	476485	710098	739716	612828	592794	426413	196119	74872	32086	27696	28298	23634	23649	35689	50487	45715	39988	48447	67107	77527	69863	62829	61028	49048	35413	35728	37992	29663	20345	18919	19879	18619	17807	19039	19411	16800	18413	19474	18005	18617	22715	29882	30212	25989	24332	28976	32008	26509	24069	28936	46184	69138	78566	76578	41118	2492	0	0	0	0	0	0	0	0	0	0	0	0	0	0	0	0	0	0	0	0	0	0	0	
0	0	0	0	0	0	0	0	0	0	0	0	0	0	0	0	0	0	0	0	0	0	0	0	0	0	0	0	0	0	0	0	0	0	0	29	435	3544	16125	41373	80768	113096	85288	59039	68362	112394	168459	197772	234797	322284	491900	654685	632514	528122	553560	347726	136431	48066	21114	18427	21049	19097	21064	35483	54526	55687	53157	61376	78293	97674	101872	84510	65793	56304	49539	49970	52438	37882	26347	25904	23523	19842	18598	24034	24451	22369	25820	26122	23401	25751	33871	44654	44406	37652	34783	42038	47682	43457	38658	42370	57899	62373	57831	68808	108752	112009	19876	0	0	0	0	0	0	0	0	0	0	0	0	0	0	0	0	0	0	0	0	0	0	
0	0	0	0	0	0	0	0	0	0	0	0	0	0	0	0	0	0	0	0	0	0	0	0	0	0	0	0	0	0	0	0	0	0	3	76	963	5010	16728	31413	49081	76626	71168	63855	94085	153971	211829	264299	311997	361978	457475	566544	507669	459434	466686	234184	77251	25816	13216	12562	15233	15286	19328	34727	54396	63388	69618	81607	97997	116312	126582	107936	73800	66592	67844	68011	70212	52142	35273	33542	26261	20088	22542	34461	36840	32881	36200	35466	31841	35605	46560	60322	62379	57188	53282	59897	64027	74752	78768	81821	97994	77168	58474	58384	79252	143480	179153	78836	1001	0	0	0	0	0	0	0	0	0	0	0	0	0	0	0	0	0	0	0	0	
0	0	0	0	0	0	0	0	0	0	0	0	0	0	0	0	0	0	0	0	0	0	0	0	0	0	0	0	0	0	0	0	0	0	38	176	1791	6848	16139	21277	33757	55460	63084	76578	124193	172413	204420	267661	322618	341365	404123	478402	413371	363888	327023	139612	44007	15149	9696	10406	13590	14523	19013	34157	53003	68934	78013	99148	118526	124190	135263	133377	95973	86811	88146	81168	94450	74941	48080	41556	32543	24532	30403	47959	53559	45563	47520	44359	43966	55672	73272	85406	88360	87343	84692	87142	90107	121776	142853	159335	172487	116988	94389	88269	80733	88845	126154	257969	261768	29867	0	0	0	0	0	0	0	0	0	0	0	0	0	0	0	0	0	0	0	
0	0	0	0	0	0	0	0	0	0	0	0	0	0	0	0	0	0	0	0	0	0	0	0	0	0	0	0	0	0	0	0	0	6	37	328	2319	8083	13095	16476	27168	45224	62206	90841	139368	162762	166351	212267	252016	260309	329348	394578	341881	263672	194554	82408	26401	11121	9085	11107	13491	14055	19916	32463	49467	65370	73859	101762	132154	127299	137053	158904	138908	124706	110088	95748	122785	109981	66791	53948	45511	36884	43744	60068	69520	62305	57844	54535	62048	83094	113079	122654	125420	129589	119722	121141	126861	179278	208152	242232	275808	199471	183974	180948	155017	121148	100268	151911	357500	482493	147845	56	0	0	0	0	0	0	0	0	0	0	0	0	0	0	0	0	0	
0	0	0	0	0	0	0	0	0	0	0	0	0	0	0	0	0	0	0	0	0	0	0	0	0	0	0	0	0	0	0	0	0	0	62	465	2584	7725	10786	14649	25434	44090	68544	109497	141961	146096	139469	157652	168551	177766	242884	300224	277164	191929	116603	54159	19836	9895	9001	12497	13458	14254	20099	31355	42058	54854	63409	96820	135614	142104	154700	186532	199198	182813	139733	121224	158483	147175	94219	73561	67889	63890	65580	75190	86597	77507	68427	69673	87947	113393	145604	150908	153141	158040	124530	127118	155972	217457	244845	284754	356323	313582	316642	332051	338527	280850	197010	166655	195567	319347	606869	567849	36992	0	0	0	0	0	0	0	0	0	0	0	0	0	0	0	0	
0	0	0	0	0	0	0	0	0	0	0	0	0	0	0	0	0	0	0	0	0	0	0	0	0	0	0	0	0	0	0	0	0	3	90	649	3372	6843	9905	14004	28532	49165	79134	126970	142482	132619	127479	129205	119197	123383	170968	213629	218139	148891	77208	39811	16690	9223	9524	13551	14326	13731	18819	28719	34675	43563	55404	97402	144770	176800	208624	228625	257971	245913	180162	163043	201822	182911	128612	99129	91159	91810	90042	87838	102867	92018	83173	84424	108986	136601	152409	147028	152826	147683	103386	111011	152803	198322	215308	253663	338868	345959	365668	430948	533066	517856	416756	340513	282577	244693	316602	808758	1131403	320874	0	0	0	0	0	0	0	0	0	0	0	0	0	0	0	
0	0	0	0	0	0	0	0	0	0	0	0	0	0	0	0	0	0	0	0	0	0	0	0	0	0	0	0	0	0	0	0	0	6	109	922	3432	6434	9167	15863	35215	57135	85200	129079	132035	113042	109162	105768	93478	92657	126464	164110	170601	116899	59745	31168	15032	9929	10810	14072	14426	12923	16762	23940	28399	37434	56526	106418	158108	222732	285116	287193	313796	308666	235634	218633	247618	220765	178025	134541	115562	107643	103258	99258	109525	105137	99744	97122	116660	148058	149500	131090	133527	126864	85203	95121	128470	142785	146709	173410	236966	267240	287938	352004	460197	482428	478940	514654	563673	479032	394386	470692	703419	1571459	1342829	50018	0	0	0	0	0	0	0	0	0	0	0	0	0	
0	0	0	0	0	0	0	0	0	0	0	0	0	0	0	0	0	0	0	0	0	0	0	0	0	0	0	0	0	0	0	0	0	14	144	1835	2711	5660	9077	18317	41714	64344	85439	117787	113608	89037	82396	79559	72001	71587	99655	143055	138034	91214	46747	24487	13814	10272	11472	15845	16222	12339	16079	21516	24857	36557	59092	107214	162291	248959	329935	332495	363260	369241	306077	281531	297760	269475	240507	185664	144742	119553	106800	98873	109754	116999	117369	102440	113918	143741	140181	115959	123042	126973	90490	93193	111201	106980	107956	123853	166033	204106	225045	255538	292986	285657	296367	400698	621536	705958	659292	635595	550610	771273	1972009	3116568	787025	0	0	0	0	0	0	0	0	0	0	0	0	
0	0	0	0	0	0	0	0	0	0	0	0	0	0	0	0	0	0	0	0	0	0	0	0	0	0	0	0	0	0	0	1	3	35	252	1061	2118	4672	9309	19436	44668	74622	85892	103628	88042	65892	58763	54011	54216	52990	78897	126578	114260	67010	35599	20487	12939	10965	12799	18196	18482	13827	16698	20863	23715	37731	60892	95843	147535	235852	304811	329475	384854	416636	386106	358164	346515	311605	287449	233018	186349	143209	113021	96699	103199	118793	116762	96872	96430	120233	121853	101953	116537	136753	111222	103869	104392	93895	99336	108121	133823	182279	219765	229830	229209	214526	216637	289755	440162	554734	585071	573047	552502	627111	910973	1990968	4658091	3782316	91340	0	0	0	0	0	0	0	0	0	0	
0	0	0	0	0	0	0	0	0	0	0	0	0	0	0	0	0	0	0	0	0	0	0	0	0	0	0	0	0	0	2	2	2	51	232	829	1997	4551	8457	17902	46649	81590	87696	87609	68230	48203	42349	38304	41847	40854	60639	100146	88767	46957	26804	18264	12137	11010	13919	18983	19840	15684	20013	21548	25231	41549	62339	84194	123654	199905	248153	298971	379004	440210	452434	416950	383960	338270	301623	266664	236657	179124	121707	95600	90399	98696	99230	83889	82403	96237	98891	86922	103239	140933	128829	115329	108356	98374	109790	110587	114180	157776	216408	210686	198027	199809	225103	288750	369409	459294	496199	438537	424778	433151	469909	745935	1630507	5500320	12172550	4439439	0	0	0	0	0	0	0	0	0	
0	0	0	0	0	0	0	0	0	0	0	0	0	0	0	0	0	0	0	0	0	0	0	0	0	0	0	0	0	1	2	5	3	82	388	852	2328	4987	8986	17668	44215	80289	86150	76584	54860	37480	29645	30429	35737	34920	46239	70747	64713	34365	20285	16713	12085	11331	14853	18932	18129	17462	23906	23974	27902	45291	66484	80546	108546	168586	220352	285072	376532	466487	497629	442949	424584	374966	316522	303223	287555	199958	114304	87275	78601	79533	80173	72426	76218	86532	88167	78995	84443	120598	127125	116534	110870	100438	115898	113885	108160	136249	175743	170529	163109	176505	229252	313028	363466	399174	415494	383862	428752	461262	434097	431119	455461	852281	4698893	27530591	41815957	2012241	0	0	0	0	0	0	0	
0	0	0	0	0	0	0	0	0	0	0	0	0	0	0	0	0	0	0	0	0	0	0	0	0	0	0	0	1	7	10	1	21	162	373	1017	2729	5953	10638	17712	39976	70860	78453	67424	47258	31445	23082	27743	37084	35239	38694	51997	48084	27597	17585	15258	12825	11906	15688	18718	16680	17630	26107	26981	29626	45889	68137	83290	102512	150463	224853	301023	386794	505510	521713	434456	445068	440041	358033	339393	298606	181302	91274	75495	77717	75642	77143	77082	82626	85799	87990	81051	74476	97266	115373	108791	108496	92348	96457	105381	113958	124646	135410	141383	143515	149446	196745	300924	376060	356889	308738	314932	410478	515721	604451	637875	511128	418039	584002	1987664	24526480	224862596	57166469	0	0	0	0	0	0	
0	0	0	0	0	0	0	0	0	0	0	0	0	0	0	0	0	0	0	0	0	0	0	0	0	0	0	4	6	21	11	13	84	209	447	1236	3124	7540	12233	18106	35515	61702	68115	57026	42037	28355	21919	28000	38255	32966	31887	40232	36694	23773	15900	14052	13124	12776	15366	17106	16536	18296	26729	28885	29687	42406	61434	84007	97095	139852	232227	316219	395039	521139	522289	397299	421457	482336	384597	314953	236633	136412	76623	73631	89441	89625	94862	94640	88279	82871	88193	88116	74390	84315	98384	96108	102077	82479	74019	93784	124213	127600	119186	137656	146286	133381	158230	261679	363027	313562	242182	270342	386589	499871	670182	784286	742580	729770	899433	1090316	1095355	7647824	47188111	3797487	290	0	0	0	0	
0	0	0	0	0	0	0	0	0	0	0	0	0	0	0	0	0	0	0	0	0	0	0	0	0	0	0	5	13	20	22	78	184	367	660	1443	3798	10020	13646	18662	30868	53729	64641	56418	42522	31515	23156	29216	37584	29089	27344	33952	28731	20962	14593	13375	13205	13806	13131	15114	17983	20246	26600	29628	30257	38119	50508	72546	83648	119494	212490	297832	363909	456086	451738	343864	362794	443066	339599	232840	153478	101332	74587	76297	100903	110115	122001	111718	90873	77016	80623	88193	75030	75724	84061	87413	97522	77244	65315	89811	129626	141288	131721	152656	156657	132796	146525	226532	307545	272563	221618	269295	398545	489979	606376	683894	754145	1005544	1581804	2088773	1681870	2633092	11923490	5546509	26735	0	0	0	0	
0	0	0	0	0	0	0	0	0	0	0	0	0	0	0	0	0	0	0	0	0	0	0	0	0	0	0	7	16	7	26	99	292	479	704	1470	4737	9446	15311	19672	31191	52757	73571	67069	51344	36914	26800	31495	34755	25977	25321	29438	23013	16880	13370	13063	13317	13158	11005	13317	20493	24244	28946	29843	31057	34734	39928	56908	66201	95039	168647	240645	286441	325774	334858	279956	288957	335335	258821	159910	107170	90831	83662	85066	105520	124052	139527	113489	87670	76125	74112	78925	66274	63559	71273	79308	89400	74865	67473	88590	126269	154699	161642	166727	146885	139882	170779	227898	260246	258685	261088	310855	437310	508996	519445	542195	682571	1016754	1665148	2397331	2730678	4233056	7852367	2013592	28217	3	0	0	0	
0	0	0	0	0	0	0	0	0	0	0	0	0	0	0	0	0	0	0	0	0	0	0	4	0	3	1	11	4	9	13	135	368	580	858	1729	4584	9298	17300	24447	33360	55367	89042	83365	58886	40961	30730	30427	30780	23512	24520	26026	19628	13172	10600	10873	10574	10908	10280	12314	21701	27575	30014	29451	31531	31970	34358	45503	53003	72004	119549	165930	194910	204623	229011	224373	217497	229418	187862	122930	92527	93007	98808	94955	108643	131054	133089	100684	86004	84791	72304	68706	57037	53836	62837	71480	80877	72698	70277	87611	118154	157436	176849	157851	127466	152105	216273	256032	250368	286689	349504	377658	489331	517163	437191	468415	670784	999547	1438236	1913964	2782597	5144488	5238302	519876	3230	5	0	0	0	
0	0	0	0	0	0	0	0	0	0	0	0	0	0	0	0	0	0	0	0	0	0	4	7	2	10	0	6	5	8	50	168	293	706	975	3340	4933	10292	21507	31374	37473	60272	94500	83280	54259	39302	31847	28822	25509	21856	23817	22299	15617	9551	7043	8058	7385	8361	9229	13096	23174	29125	29084	27458	29203	30965	32261	41878	48350	59313	83370	107131	121800	124321	156018	176537	156916	150252	139283	108730	87457	95235	109780	105469	117106	130337	117664	82454	84151	92967	71729	63048	56022	56727	65882	68150	77287	77484	75001	91670	116773	151234	168983	140847	117378	167421	244709	271192	267087	342520	436353	442358	532780	496020	381529	466497	762244	1067846	1342799	1697440	2524888	3990369	2124341	68927	111	0	0	0	0	
0	0	0	0	0	0	0	0	0	0	0	0	0	0	0	0	0	0	0	0	0	5	5	10	4	0	7	3	13	21	87	197	460	828	1411	2832	4730	13545	26649	34475	42432	61929	81986	62622	36815	29861	30554	27976	20640	19924	20979	16950	11756	7053	5585	5840	5523	6334	8487	14614	25126	28771	25932	24353	28471	33627	34775	45500	49844	53651	63725	74679	75442	78021	107456	129850	109254	104601	110225	100186	83696	93308	116961	113393	114114	116449	98840	71601	78584	87814	67219	65015	68470	78107	81630	69206	80799	91489	92852	107943	126878	147584	158530	137876	128910	183003	234551	260383	283851	373278	449134	472559	576246	474095	391446	584308	997140	1269705	1464930	1869304	2388127	2135302	427822	3184	1	0	0	0	0	
0	0	0	0	0	0	0	0	0	0	0	0	0	0	0	0	0	0	0	0	2	11	4	7	2	1	7	8	14	86	161	329	596	993	1509	2473	4762	12786	26918	33666	40382	52648	57839	37992	21869	20069	28658	29105	18805	18561	17945	12454	8772	6590	6181	4908	4056	5560	8124	15214	25911	27825	25764	24231	30494	36735	36768	50551	55658	53803	55646	58880	54543	54609	76134	90959	80938	86395	100256	101126	88977	93546	115184	114284	100837	93414	85571	69005	76098	76925	62334	75558	97905	117779	106376	77467	88988	110036	119773	131072	141043	152863	157622	156134	165796	203352	219143	236569	273262	360471	433951	507559	624548	508119	527444	929186	1517277	1705577	1733857	1967953	1756106	649285	32987	51	0	0	0	0	0	
0	0	0	0	0	0	0	0	0	0	0	0	0	0	0	0	0	0	0	0	5	10	8	13	3	5	24	37	100	214	263	412	709	977	1773	2646	4491	11357	24358	28215	31982	40497	37509	24603	14336	13369	25543	28481	19353	17660	15890	9952	7107	7743	8819	5998	4362	6036	8694	14797	23164	26397	26977	28695	35509	38504	37425	53907	63261	59462	56522	59854	51486	52296	67313	75271	74591	90055	106736	119258	113339	105321	114525	110613	87741	75400	77087	70701	78166	72023	60450	86404	132385	165131	141019	99278	104622	125718	143988	153443	153047	156524	157431	179886	216912	251649	231505	224176	254722	345950	461635	566573	665204	593507	817611	1542597	2331759	2294082	1814802	1377269	629169	74136	637	0	0	0	0	0	0	
0	0	0	0	0	0	0	0	0	0	0	0	0	0	0	0	0	0	0	0	11	14	10	11	11	12	48	77	166	354	419	688	778	1143	2167	2830	4563	11074	21801	22369	22135	26828	24513	18361	12896	11645	20977	25127	18074	16167	15040	8899	6524	8667	11267	7373	5026	7500	9318	12862	18796	23565	28042	32941	41172	41442	38810	55144	71945	69739	67428	69982	62739	69241	82559	83286	90744	109629	125974	149846	149360	127361	122612	114169	82095	64825	65331	66811	78853	74320	67561	93066	153366	193251	169499	132778	132243	148767	170298	173892	164023	161627	167316	201011	274964	339772	301946	263778	278938	375315	549171	654198	680676	678144	1107318	1984981	2731833	2272712	1207849	452602	72168	1519	0	0	0	0	0	0	0	
0	0	0	0	0	0	0	0	0	0	0	0	0	0	0	0	0	0	0	2	11	25	15	3	19	40	81	161	238	388	557	685	849	1437	2726	3971	6074	11671	20023	17011	14616	17994	17197	15890	14063	13146	16779	19755	16263	14776	14115	8862	6941	8742	11570	8469	6568	8879	10105	11158	15366	20969	27349	33900	42471	46011	43366	57603	78351	78646	81980	91261	92187	111535	120874	114910	122641	138628	154546	170926	165240	148464	137431	120790	77427	56693	51519	56334	74475	84867	83504	102754	160928	192282	176084	169179	177063	202234	225660	212737	194568	188717	189919	220496	318143	451011	432108	376105	376159	471501	692793	743279	670871	694630	1080177	1562012	1780001	1116716	338986	46940	1634	7	0	0	0	0	0	0	0	
0	0	0	0	0	0	0	0	0	0	0	0	0	0	0	0	0	0	0	1	23	26	8	17	32	81	142	233	331	477	671	832	994	1818	3499	5725	8611	13827	17868	13160	11840	15151	15179	16047	17785	15065	14312	16135	15214	14353	13310	8763	6908	8515	10137	8926	9238	11419	10478	10392	13615	18679	25405	31792	42944	50965	52459	64730	82525	83728	93182	114435	130679	158266	157654	153087	151437	162000	187122	172719	150960	144049	137547	112887	66636	52044	48535	51296	76126	105909	115160	125836	168425	178970	170996	192760	243857	298770	301541	258597	244695	231582	224629	235313	337786	538232	567139	524973	519672	582616	794034	760587	584759	547675	640528	624987	481702	183864	25145	817	0	0	0	0	0	0	0	0	0	
0	0	0	0	0	0	0	0	0	0	0	0	0	0	0	0	0	0	2	7	40	43	33	37	63	133	277	388	412	562	719	887	1166	1958	4038	7611	12062	14834	16054	12235	11767	15248	17529	19468	20398	16977	13541	14850	16247	14696	12878	8904	7763	9076	9152	9524	11590	12527	10837	11351	13062	17168	23293	28938	41996	53834	62310	76263	89766	89029	105490	136396	157915	170575	163606	169619	165803	178365	208557	168656	130594	122153	116957	95021	57759	53438	56059	60749	92553	140596	162175	154824	179962	182645	174135	218526	323033	397009	344851	283832	288957	281863	258797	245401	337169	549510	600021	573202	546849	553201	658111	538922	348097	252857	184925	99986	39856	6653	315	3	0	0	0	0	0	0	0	0	0	
0	0	0	0	0	0	0	0	0	0	0	0	0	0	0	0	0	4	16	19	62	43	36	80	181	323	486	565	506	660	715	1092	1525	2187	4421	9293	13050	13289	14879	13565	12942	17894	21166	22999	21883	18236	14805	15442	17324	15771	12717	10094	10435	10616	9660	10503	13077	12627	11308	12788	13967	17324	23949	28663	40911	54777	70035	91921	103946	103886	127328	168954	176620	160197	155648	175054	190146	190813	203995	156737	120401	102383	90709	79218	54998	59030	71478	82493	118612	181437	203264	171833	183936	197823	202615	255531	359466	380636	296757	259761	290823	295284	257793	227940	289167	429803	442883	395720	344187	302228	287026	187453	96051	46909	18099	4445	715	45	3	0	0	0	0	0	0	0	0	0	0	
0	0	0	0	0	0	0	0	0	0	0	0	0	0	0	0	0	6	36	18	51	53	80	171	318	490	616	714	724	793	987	1469	1852	2386	4468	9156	11444	10925	14469	15210	14407	19277	25647	28030	24082	19953	17905	15564	16284	15538	13327	12853	14104	12368	10946	12114	13517	12564	13181	15555	16534	19232	26646	31024	40281	55658	80930	102054	115985	131888	164750	213319	209661	173357	172592	204756	241919	213855	178506	135521	115868	92887	72331	63747	53450	59032	74288	93045	130849	185568	189952	146562	156696	198566	224852	263026	291127	253917	194511	184806	214514	218508	186715	155909	170939	208801	185936	140361	100557	70975	49408	23253	8048	2313	361	13	0	0	0	0	0	0	0	0	0	0	0	0	0	
0	0	0	0	0	0	0	0	0	0	0	0	0	0	0	0	5	16	22	42	65	139	174	301	410	529	743	813	788	797	1144	1868	2075	2451	4560	8245	9772	9493	13551	15445	14573	18630	27698	33452	27692	23153	22353	16649	16211	15419	13622	15978	17310	14302	12698	13425	12875	12896	16362	21042	21961	23056	30627	35096	40499	56349	85917	103394	121298	158016	195834	255503	271566	237592	242236	261992	305708	243112	149716	110970	106309	85441	55728	46019	44404	46037	53342	72235	101344	125914	117209	92048	104787	145175	180143	185988	159606	120703	94459	93901	99654	93580	76157	58805	51777	46559	32383	19590	11499	5843	2294	619	148	22	0	0	0	0	0	0	0	0	0	0	0	0	0	0	0	
0	0	0	0	0	0	0	0	0	0	0	0	0	0	0	8	12	26	65	68	138	258	275	335	408	676	802	849	940	1066	1361	2067	2385	2995	4483	7501	9199	9719	13475	15069	14274	17979	28865	37152	30030	26823	27001	18026	17190	17487	15239	18053	18409	14979	13978	15064	13504	14183	18837	27874	31170	29010	35666	39251	41345	52122	75739	93219	118556	169313	202813	273939	335446	340529	352131	312131	316436	242690	128650	90386	92290	74427	42955	31485	30287	26567	26731	35655	45547	49673	44679	41287	48855	65981	79759	72580	52780	37258	30150	26915	23935	18691	13073	9089	6202	3487	1742	895	369	102	14	0	0	0	0	0	0	0	0	0	0	0	0	0	0	0	0	0	0	
0	0	0	0	0	0	0	0	0	0	0	0	0	0	1	16	27	47	73	132	199	238	342	388	632	805	827	981	1107	1215	1488	2331	2961	3814	5615	7967	9967	10904	14168	15074	14289	19678	30571	35818	28982	29426	27793	18660	20473	22364	18348	19583	19000	16019	15491	18594	18886	17300	20590	33938	43348	35190	37882	42730	44400	46527	59418	81034	116601	170282	201677	266070	355898	400774	429575	324552	261330	198430	110025	76873	74030	58493	34130	22710	16841	12943	11625	14069	16009	13623	11718	13001	15005	17024	18883	14887	9485	6249	4554	3480	2351	1378	752	462	191	71	20	8	4	0	0	0	0	0	0	0	0	0	0	0	0	0	0	0	0	0	0	0	0	
0	0	0	0	0	0	0	0	0	0	0	0	0	0	3	29	68	80	141	212	243	368	401	442	677	815	951	1184	1191	1371	1701	2761	4019	5406	6895	8522	11647	12682	15107	15716	17694	24996	31383	33088	28260	28627	26279	19280	23985	27525	22479	21121	19783	18490	18282	25206	29293	22743	21390	36258	48222	36445	36158	43554	48768	44751	49431	76803	123884	173086	209907	259297	321483	379996	439142	310859	201337	145149	91128	67089	61457	46952	30735	17517	10423	8670	7941	9230	9115	6247	5539	6179	5604	3661	2490	1663	908	471	306	214	75	44	22	1	0	0	0	0	0	0	0	0	0	0	0	0	0	0	0	0	0	0	0	0	0	0	0	0	0	
0	0	0	0	0	0	0	0	0	0	0	0	0	2	22	78	110	184	177	298	412	403	553	650	841	984	1126	1171	1419	1459	1822	3103	4924	6731	8177	10159	13571	14746	16355	18689	23042	29785	33202	32545	28948	27543	25283	20351	24660	27788	24856	22629	20314	20756	22805	34471	41150	29103	22965	33498	42810	32532	29639	39585	51233	49974	51290	83228	139176	179787	225846	269202	280613	317822	374676	270324	153098	102399	73236	60127	54567	42501	28010	14780	9171	8176	8998	9969	9524	6665	6011	6572	4939	2020	715	243	105	42	23	3	0	0	0	0	0	0	0	0	0	0	0	0	0	0	0	0	0	0	0	0	0	0	0	0	0	0	0	0	0	
0	0	0	0	0	0	0	0	0	0	3	3	5	17	53	86	161	198	256	398	440	553	753	795	789	1005	1127	1391	1619	1523	1797	3211	5349	7620	9198	11734	17161	17961	17748	21384	28481	37027	37874	35284	33719	29847	27778	25238	25686	25647	25129	22789	20564	25406	29814	38411	42076	30345	23938	28157	33729	28767	25688	34289	50247	57170	61379	93220	141807	171885	226414	271987	241025	250090	267227	199600	117944	73652	58917	55814	53494	43270	26447	13166	10461	9776	11922	14494	12828	9601	8242	7940	5828	2621	608	52	0	0	0	0	0	0	0	0	0	0	0	0	0	0	0	0	0	0	0	0	0	0	0	0	0	0	0	0	0	0	0	0	0	
0	0	0	0	0	0	0	0	0	1	2	2	6	48	100	125	184	255	361	459	583	759	1007	902	895	1023	1358	1674	1713	1548	2012	3652	6265	8670	10327	13293	20291	21334	19091	22116	32360	42083	41602	41284	41723	36085	36946	34291	29379	25781	24977	21539	19592	30518	36996	36663	35005	26933	22789	23511	27605	26814	24293	31169	44746	53367	62370	85416	112347	137693	198525	234368	187835	182629	167117	130035	91676	54979	50893	53152	51546	43519	24675	12521	12612	12875	16090	20023	16770	13770	11212	9485	6418	3036	679	40	6	0	0	0	0	0	0	0	0	0	0	0	0	0	0	0	0	0	0	0	0	0	0	0	0	0	0	0	0	0	0	0	0	
0	0	0	0	0	0	0	0	1	13	2	13	54	95	124	170	257	386	474	517	672	933	1164	1129	956	1075	1465	1805	2122	2086	2902	4606	7367	10039	11736	15762	24396	25987	20729	21800	34290	45993	46912	46638	50040	45064	45782	41730	32092	27109	24395	19252	20223	34066	40424	32864	27835	23393	20835	20068	24130	27546	28177	31448	35636	39546	49100	59394	74480	98841	152927	165645	127603	119887	99840	85032	72703	49296	49228	51620	46918	40093	21114	11714	14268	14769	18967	23751	20516	16604	12734	9715	5795	2121	459	38	15	0	0	0	0	0	0	0	0	0	0	0	0	0	0	0	0	0	0	0	0	0	0	0	0	0	0	0	0	0	0	0	0	
0	0	0	0	0	0	0	0	8	13	14	31	116	84	176	297	341	400	506	592	638	859	1298	1319	1163	1235	1556	1986	2494	2870	3924	5436	7730	10746	14058	18864	29696	33689	25656	22597	33919	46726	50958	51506	57591	51896	47160	37810	29104	26773	22822	18479	19521	29708	33552	26224	21806	19045	15917	15192	20297	27980	31475	32092	29126	28098	32949	38979	48254	68796	110704	105794	79914	75510	64336	59871	58583	48169	50747	48872	41245	32129	15947	10891	15214	17953	20535	23744	22017	18398	14428	10086	4411	1187	254	98	58	0	0	0	0	0	0	0	0	0	0	0	0	0	0	0	0	0	0	0	0	0	0	0	0	0	0	0	0	0	0	0	0	
0	0	0	0	0	0	0	0	4	15	59	94	170	162	213	332	359	528	680	601	546	848	1194	1379	1300	1444	1884	2112	2869	3677	4817	6523	8418	11567	14854	19912	30635	39621	30766	24263	33283	44723	50165	52578	56476	48949	41707	26991	21413	22920	21617	18224	17299	20567	20318	17005	16805	13821	11253	10674	16033	22618	25812	26333	22891	20641	23083	27171	34166	47840	74120	68158	54098	53315	48092	45843	48798	46786	51769	47146	37766	23044	10586	9983	16339	21014	22023	21699	19824	18505	14505	8227	2814	717	76	73	28	0	0	0	0	0	0	0	0	0	0	0	0	0	0	0	0	0	0	0	0	0	0	0	0	0	0	0	0	0	0	0	0	
0	0	0	0	0	0	0	0	10	34	110	154	190	208	243	364	559	632	645	576	560	772	1187	1585	1505	1763	2370	2871	3350	4877	6193	7525	9566	12632	15309	18186	25553	36333	34371	27370	32662	43498	48308	46853	43183	39098	35055	21091	16557	19272	19254	15912	13370	12012	10960	11036	12045	10082	8040	7702	11592	15382	16295	16847	17624	16277	16313	20699	26543	32987	44629	45067	41974	42583	40567	39259	42319	45364	51818	49227	36129	16638	7923	9138	16466	21289	19760	17120	15283	15173	10389	4899	1275	253	27	15	31	0	0	0	0	0	0	0	0	0	0	0	0	0	0	0	0	0	0	0	0	0	0	0	0	0	0	0	0	0	0	0	0	
0	0	0	0	0	0	0	12	42	80	141	178	226	221	311	408	650	660	792	705	621	830	1290	1781	1827	2061	2803	3720	4600	5869	7523	9857	11520	14011	16621	16534	17696	27328	33446	31449	33862	45135	46577	39892	30918	27757	29882	20710	14280	14600	14493	11986	9025	7512	8070	8541	8823	8312	6208	6758	9468	10496	10794	11155	13425	13163	12972	16649	20903	24460	32261	33770	30696	32968	34349	35198	39271	44753	51036	49905	31148	10844	6081	8033	13806	16741	15698	12427	10420	9093	5392	2390	606	119	20	13	36	0	0	0	0	0	0	0	0	0	0	0	0	0	0	0	0	0	0	0	0	0	0	0	0	0	0	0	0	0	0	0	0	
0	0	0	0	0	0	3	23	54	62	124	139	213	291	389	581	633	804	972	806	658	882	1455	2032	2162	2128	3150	5036	6073	6885	8757	11857	13698	15773	16603	13841	13042	18182	27064	33065	36352	44072	43224	35588	23033	20080	24921	21184	13387	10413	10142	8443	7157	6167	6483	7448	7450	6146	5429	6281	8505	9633	9272	9808	11941	12747	12208	14703	18998	23988	30912	27450	21373	22938	27307	32817	38468	46070	50906	44942	24122	7887	4802	6857	11276	10931	9772	8192	6246	4203	2396	975	430	116	13	29	4	0	0	0	0	0	0	0	0	0	0	0	0	0	0	0	0	0	0	0	0	0	0	0	0	0	0	0	0	0	0	0	0	
0	0	0	0	0	0	5	19	30	80	140	240	288	364	486	590	732	882	1010	1046	889	1204	2058	2510	2260	2431	3772	6100	7227	8230	10624	13672	14765	15320	15034	12105	10743	13214	22596	30989	37562	37438	36139	29992	18656	14947	18342	16577	10736	8533	7713	6515	5824	5254	5888	7081	6435	5313	5080	6251	8513	10086	9426	10072	11625	13482	14404	16323	18925	26353	36088	25446	15116	16167	24724	32720	38621	48929	51397	38934	17970	7412	4911	5877	7627	6785	6144	5480	3418	2007	1314	566	292	100	13	0	0	0	0	0	0	0	0	0	0	0	0	0	0	0	0	0	0	0	0	0	0	0	0	0	0	0	0	0	0	0	0	0	0	
0	0	0	0	0	0	8	20	31	120	165	229	262	432	458	683	836	850	1203	1469	1458	1981	2928	3328	2869	3073	4955	6922	7606	9084	12868	15513	14020	12972	12351	10467	9808	11716	16844	24521	29576	27083	24541	22100	15246	11448	11044	9860	8182	6982	6256	5886	5421	4834	5267	6304	6028	4636	4722	6664	9526	11318	10980	10096	11146	15208	18365	19880	20336	30906	40001	24870	13484	14433	24986	35948	40765	48873	49053	31670	14411	8724	5750	4656	5595	4685	4336	3525	2068	969	574	409	246	65	9	0	0	0	0	0	0	0	0	0	0	0	0	0	0	0	0	0	0	0	0	0	0	0	0	0	0	0	0	0	0	0	0	0	0	
0	0	0	0	0	0	10	17	64	142	176	238	299	571	662	763	900	931	1457	2024	2362	2956	4031	4395	3634	4186	6495	7733	7239	9522	13463	15504	12133	9966	9104	8619	9407	9666	11325	16532	18927	15672	15663	15599	11436	7728	6246	5817	6338	5974	4899	5491	5241	4450	4380	5392	5122	4350	5457	7092	10001	12920	12346	9848	10715	15634	21297	21965	22175	32748	37575	22928	13156	14957	26501	39792	42075	41767	40101	23687	11678	10720	7230	4793	4952	4355	3615	2662	1453	632	309	247	160	36	6	0	0	0	0	0	0	0	0	0	0	0	0	0	0	0	0	0	0	0	0	0	0	0	0	0	0	0	0	0	0	0	0	0	0	
0	0	0	0	1	14	16	29	98	176	203	253	407	695	980	939	942	1017	1753	2869	3373	3923	5091	5507	4966	5551	8249	8504	6875	8326	11993	13161	10178	7520	6816	6832	8567	8434	9584	11317	11750	10343	11078	10781	8172	5595	4364	4315	4734	4709	4084	4942	4887	3849	3925	4632	4415	4977	6046	7005	9082	12826	12694	10183	11201	16150	20369	21575	23341	32314	32324	21663	13172	15633	25854	36477	36986	32108	28034	16788	9152	10718	8203	5216	4629	3897	3565	2478	1182	451	252	118	99	32	13	0	0	0	0	0	0	0	0	0	0	0	0	0	0	0	0	0	0	0	0	0	0	0	0	0	0	0	0	0	0	0	0	0	0	
0	0	0	0	8	16	28	55	119	176	254	377	599	822	1078	956	894	1363	2341	3550	4380	4430	5131	6429	5795	5966	8236	8019	6529	7216	8975	9889	8727	6721	5651	5729	7626	6698	6954	8154	9114	8720	10625	9573	6392	4704	3781	3700	4438	3613	3457	4268	4183	3728	3822	4020	4370	5229	6362	6575	7481	10854	12984	13546	13815	16055	19135	21023	25534	33211	31759	22498	14929	16374	23451	28198	28431	23420	18794	11423	7459	9367	8509	5123	4440	3947	3084	2053	850	256	98	69	44	27	19	0	0	0	0	0	0	0	0	0	0	0	0	0	0	0	0	0	0	0	0	0	0	0	0	0	0	0	0	0	0	0	0	0	0	
0	0	0	1	12	17	26	71	144	244	318	502	658	899	1057	1199	1239	1929	3042	4194	4670	4398	5398	6848	5660	5729	7402	7397	6536	6855	6482	7466	8818	6773	4758	4981	6759	6049	5892	7343	8821	10330	11884	8957	6162	4545	3835	4181	4500	3822	3590	3733	3980	4197	4008	4526	4700	5506	6655	6415	6774	8719	12664	17460	16658	17841	19775	22918	28809	34636	32345	24850	18477	17494	21916	22706	21057	17500	14197	9176	6434	7332	7172	4605	4112	3600	2475	1518	638	200	49	30	13	15	6	4	0	0	0	0	0	0	0	0	0	0	0	0	0	0	0	0	0	0	0	0	0	0	0	0	0	0	0	0	0	0	0	0	0	
0	0	0	4	11	17	46	67	173	222	424	570	675	1002	1317	1565	1634	2467	3933	5128	5115	5059	6166	6165	5762	5470	6168	6728	7293	7378	5321	6094	8747	7494	4661	4302	6013	6201	6137	7369	8750	10781	10902	7475	5901	4988	4381	4474	4601	4338	4046	3867	4401	4676	4578	5195	5385	6047	6988	6654	7005	8008	13167	19334	17661	19086	22522	25408	31655	32735	29506	26077	21318	19872	22625	20932	16711	13978	11627	9889	7482	6894	5909	3910	3184	2836	1866	1010	444	150	38	27	0	0	0	4	0	0	0	0	0	0	0	0	0	0	0	0	0	0	0	0	0	0	0	0	0	0	0	0	0	0	0	0	0	0	0	0	0	
0	0	0	0	8	41	49	82	143	315	505	571	791	1247	1752	1910	2274	3340	4778	6071	5945	6011	6456	5951	5072	4792	5288	6301	8415	8564	5543	5777	9023	8897	5206	4401	6440	6949	6906	7166	8434	10102	8615	6100	5871	5685	4402	4324	4523	4383	4537	4498	5369	4953	4904	5663	6514	7748	7674	7298	7609	8641	14123	20149	18676	21656	25205	28294	31715	25750	22940	22392	21413	20191	20949	19228	14356	11445	10350	12779	10384	7475	5840	3325	2057	1783	1090	581	248	112	22	11	0	0	0	0	0	0	0	0	0	0	0	0	0	0	0	0	0	0	0	0	0	0	0	0	0	0	0	0	0	0	0	0	0	0	0	0	0	
0	0	0	0	10	29	70	104	203	408	593	713	986	1548	2147	2584	3113	3837	5384	7149	7699	7238	6936	5774	4633	4297	4633	6305	9348	10400	6634	5605	8664	9100	6127	5185	6751	7577	6520	6421	7849	8957	7145	5518	6160	6080	4244	3887	4021	4837	5446	6265	6726	5318	4669	5990	7443	9886	8860	8265	8305	9323	16573	21199	19486	22835	27249	28404	26248	18887	16251	17991	19103	17991	17949	17078	12608	9601	9895	14807	13303	8857	5338	2642	1397	913	559	298	91	57	19	2	0	0	0	0	0	0	0	0	0	0	0	0	0	0	0	0	0	0	0	0	0	0	0	0	0	0	0	0	0	0	0	0	0	0	0	0	0	
0	0	0	2	29	52	91	107	269	454	585	795	1293	1987	2775	3426	4064	4380	5524	7864	9782	9972	8215	5864	4190	4126	4550	6346	9838	11473	7460	5289	7152	8856	7227	6121	7608	7072	5700	6116	7559	8505	6577	4990	5550	5171	4038	3372	3667	4998	6567	7961	7487	5621	4988	6099	8730	12617	10759	8382	8254	10437	19685	22276	19339	22474	25215	23972	21020	14792	13864	15680	17779	16959	16026	14704	10989	7690	9097	14213	15051	9965	5889	2659	1037	476	264	136	38	44	24	3	0	0	0	0	0	0	0	0	0	0	0	0	0	0	0	0	0	0	0	0	0	0	0	0	0	0	0	0	0	0	0	0	0	0	0	0	0	
0	3	11	13	45	76	70	177	299	417	645	990	1661	2641	3494	4778	4949	5193	5389	8313	11448	12061	8725	5908	4577	4358	4837	6212	10059	12463	8516	5502	6544	8105	7574	7263	7404	5769	5980	6461	7371	7966	6528	4863	4376	3789	3556	3229	3529	4767	6662	8134	7947	6892	5729	6854	9987	14684	12512	9174	9182	11553	19714	19484	16491	17496	18167	16829	16212	13688	13610	14360	16237	16636	14770	13301	8505	6108	6763	11872	14184	9310	5880	2363	636	219	169	37	2	8	16	0	0	0	0	0	0	0	0	0	0	0	0	0	0	0	0	0	0	0	0	0	0	0	0	0	0	0	0	0	0	0	0	0	0	0	0	0	0	
2	4	5	12	55	82	75	210	291	483	738	1401	2285	3177	4020	4962	5901	5941	5976	7837	10610	10184	7651	6335	5549	5307	5378	6461	10437	12881	9342	5597	5927	6939	6931	7272	6732	5583	5365	6189	6708	6934	6151	4716	3295	3038	3261	2896	2927	3797	5843	6820	7431	7333	6669	7750	11237	15648	13011	10244	10677	12834	17560	14117	11901	12492	11635	10715	12840	13052	13065	11868	13154	15520	14943	11239	6717	4559	5642	10203	12390	8365	4911	1512	309	130	32	43	8	2	0	0	0	0	0	0	0	0	0	0	0	0	0	0	0	0	0	0	0	0	0	0	0	0	0	0	0	0	0	0	0	0	0	0	0	0	0	0	0	
5	4	6	20	33	28	102	188	409	688	1049	1987	2852	3447	4260	5572	6809	6870	6096	7085	9478	9614	7218	6480	6805	6961	6712	7433	10299	11850	9083	5737	5275	5857	5486	6069	5998	4945	4862	6232	6232	5804	5363	4346	3297	3202	3626	2931	2285	2947	4431	5307	6155	7211	7733	8320	11693	15231	12624	10802	10805	12100	13071	9184	8301	8906	8267	8656	10835	10752	9271	7883	8527	11451	12124	8555	5153	3979	4946	8699	11050	7056	2884	593	71	30	13	9	0	0	0	0	0	0	0	0	0	0	0	0	0	0	0	0	0	0	0	0	0	0	0	0	0	0	0	0	0	0	0	0	0	0	0	0	0	0	0	0	0	
5	3	7	14	13	70	119	305	548	1046	1715	3126	3856	3605	4324	5658	7814	8100	7002	7310	9118	9333	6915	6750	7747	8108	7873	8092	8917	9480	7383	5079	4327	4243	3901	4485	4181	3898	4999	6171	5810	5029	4798	4090	3608	3789	3873	2639	2035	2816	3864	4299	5220	6634	7891	8344	11905	14633	12460	10198	9016	9773	8891	6256	6300	7771	7462	8130	8972	7469	5393	5084	5461	7213	8373	6639	4249	4524	5142	7520	8061	4489	1410	177	12	2	0	0	0	0	0	0	0	0	0	0	0	0	0	0	0	0	0	0	0	0	0	0	0	0	0	0	0	0	0	0	0	0	0	0	0	0	0	0	0	0	0	0	0	
4	7	14	17	56	107	242	450	966	1674	3075	4997	5747	4345	4610	6875	8718	8614	7627	8178	9561	9893	7613	6700	7372	7821	8112	7869	7374	7133	5555	3781	3028	2838	3058	2879	2698	3433	4712	6026	5648	4602	4768	4264	3755	4158	4036	3147	2574	3219	4187	4486	4863	6096	7241	9202	12381	13749	11873	8713	6552	6528	6386	5055	5615	7250	6923	7047	7137	5121	3593	3703	3865	4396	5444	5796	4685	5571	6034	6265	5080	2353	537	17	1	0	0	0	0	0	0	0	0	0	0	0	0	0	0	0	0	0	0	0	0	0	0	0	0	0	0	0	0	0	0	0	0	0	0	0	0	0	0	0	0	0	0	0	0	
0	6	39	42	74	172	378	698	1300	2649	4952	8241	8257	6407	6595	9110	10057	9244	8721	8952	9041	10203	7486	5960	6210	6206	6909	6432	5150	4902	3999	2526	2060	1984	2224	2024	2112	2717	3944	5870	5539	4978	5551	5116	3999	4123	4684	3834	3288	4094	4714	5411	5596	5573	7773	10791	11377	11907	9938	6671	4804	4793	5701	4475	5256	6626	5695	6024	5903	3637	2825	3067	2594	2806	3938	4788	4886	6078	5862	4650	2314	801	82	1	0	0	0	0	0	0	0	0	0	0	0	0	0	0	0	0	0	0	0	0	0	0	0	0	0	0	0	0	0	0	0	0	0	0	0	0	0	0	0	0	0	0	0	0	0	
2	6	12	23	96	208	491	904	1945	3741	6407	10004	10564	9020	9783	12023	11002	8746	8035	7659	8638	8971	6501	5119	4600	4495	5077	4376	3307	3110	2565	1669	1401	1672	1869	1783	1782	2140	3817	5916	6023	5655	6581	6026	4520	4373	4783	4451	4042	4294	5519	7132	7251	6564	9274	11287	9990	9588	7740	5693	3833	4297	5435	4710	4839	5366	4595	4792	4700	2697	2011	2038	1836	2094	2939	3948	4334	5215	4566	2360	795	162	1	0	0	0	0	0	0	0	0	0	0	0	0	0	0	0	0	0	0	0	0	0	0	0	0	0	0	0	0	0	0	0	0	0	0	0	0	0	0	0	0	0	0	0	0	0	0	
10	22	22	66	158	320	641	1270	2705	5033	8209	10374	12162	12411	13521	14982	11290	8033	7533	6870	7179	6763	4968	3767	2999	2851	2960	2534	1899	1620	1379	1125	1184	1680	1825	1703	1990	2635	4051	6031	6317	5979	6541	6792	5409	4700	4924	4543	4200	4415	6484	8647	8432	8382	10375	10621	8128	8001	6989	5233	3419	3587	4947	4613	4379	4157	3207	3398	3081	2034	1346	1113	1410	1739	2433	2722	2959	3306	2153	801	165	13	0	0	0	0	0	0	0	0	0	0	0	0	0	0	0	0	0	0	0	0	0	0	0	0	0	0	0	0	0	0	0	0	0	0	0	0	0	0	0	0	0	0	0	0	0	0	0	
4	12	31	88	167	382	805	1744	3381	5694	7198	10224	13166	13844	15341	14959	10533	8026	6868	5508	5381	4697	3359	2219	1615	1509	1500	1295	948	826	733	762	1136	1648	1680	1943	2673	3224	4545	5749	5918	5515	6070	6509	6173	5740	5023	4687	4989	5686	6879	8401	8815	8936	10545	8717	6852	7653	7339	5035	3237	2706	3861	4329	4038	3094	2234	1966	1755	1245	937	1035	1276	1541	1949	2010	1933	1723	708	184	19	0	0	0	0	0	0	0	0	0	0	0	0	0	0	0	0	0	0	0	0	0	0	0	0	0	0	0	0	0	0	0	0	0	0	0	0	0	0	0	0	0	0	0	0	0	0	0	0	
0	18	39	78	242	467	1171	2395	4078	5868	7786	10937	12683	13280	12807	11169	8831	7337	6116	4484	3772	2754	1684	1063	804	737	677	574	441	466	477	698	1212	1755	1977	2315	3071	4251	4716	5346	5367	5033	5413	5769	6182	6351	5532	5532	6452	6968	7351	8605	8248	9106	9999	7326	6315	7505	8027	5105	2650	2085	3049	3661	3044	2081	1422	830	772	844	749	1033	1069	1391	1320	1272	1068	489	138	44	7	0	0	0	0	0	0	0	0	0	0	0	0	0	0	0	0	0	0	0	0	0	0	0	0	0	0	0	0	0	0	0	0	0	0	0	0	0	0	0	0	0	0	0	0	0	0	0	0	
2	8	43	152	344	760	2225	3257	5198	6921	8381	10800	11708	10610	8824	7301	6541	5761	4809	3326	2520	1542	909	651	453	383	340	237	280	322	390	712	1256	2145	2640	2827	3774	4732	4951	4825	4926	4888	4643	4600	5665	6620	6925	7058	7555	7889	8169	7959	7336	8522	8649	6330	5270	6391	7036	4246	2276	1651	2086	2347	1620	1162	748	380	461	395	514	761	892	982	930	624	244	88	37	6	0	0	0	0	0	0	0	0	0	0	0	0	0	0	0	0	0	0	0	0	0	0	0	0	0	0	0	0	0	0	0	0	0	0	0	0	0	0	0	0	0	0	0	0	0	0	0	0	0	
3	18	89	210	518	1805	3707	4361	5985	7099	9033	9819	8777	7175	5246	4112	3948	3834	2654	1752	1188	690	484	402	265	232	201	146	209	278	463	866	1365	2151	3284	3573	4306	5197	5022	4921	5179	5086	4186	5271	5425	7319	7556	7304	7549	8112	9297	8631	7772	7998	7336	5646	4506	4568	4324	2603	1646	1306	1178	1103	733	493	298	246	301	254	395	614	590	483	526	193	25	10	7	0	0	0	0	0	0	0	0	0	0	0	0	0	0	0	0	0	0	0	0	0	0	0	0	0	0	0	0	0	0	0	0	0	0	0	0	0	0	0	0	0	0	0	0	0	0	0	0	0	0	
25	52	101	282	832	2035	2995	4680	5654	6439	7348	6766	5417	4176	2751	2216	1713	1669	1189	838	495	334	225	177	131	139	142	142	185	297	579	958	1147	2128	3718	4166	4605	5122	5936	5302	5157	5073	5567	4527	5656	7580	7742	7050	7084	8712	10638	9361	7111	6508	6248	5367	3718	2926	2034	1524	971	701	624	464	328	322	219	224	192	217	255	250	283	231	182	45	0	0	0	0	0	0	0	0	0	0	0	0	0	0	0	0	0	0	0	0	0	0	0	0	0	0	0	0	0	0	0	0	0	0	0	0	0	0	0	0	0	0	0	0	0	0	0	0	0	0	0	0	0	
44	51	115	391	905	1492	2708	3747	4327	4324	4237	3834	3147	2325	1575	881	712	547	367	263	177	75	87	74	100	112	112	144	207	296	769	1104	1368	2260	3981	4831	5090	5769	6584	5635	4843	5009	4541	4982	6486	7352	6185	5890	6507	8558	10082	7482	4892	4519	4739	3817	2620	1416	890	652	435	290	168	206	157	185	225	143	51	75	82	79	84	55	8	1	0	0	0	0	0	0	0	0	0	0	0	0	0	0	0	0	0	0	0	0	0	0	0	0	0	0	0	0	0	0	0	0	0	0	0	0	0	0	0	0	0	0	0	0	0	0	0	0	0	0	0	0	0	
31	40	167	464	682	1072	1988	2587	2511	2221	2006	1670	1269	1006	561	283	227	170	130	84	21	20	24	48	55	68	82	137	225	344	900	1509	1514	2290	4007	5629	6220	6652	6810	5641	4457	4432	4828	6309	7109	6383	4932	4929	5721	7912	7594	4392	2778	2663	2530	1864	1214	607	362	241	148	60	116	128	120	141	72	18	5	19	18	22	7	14	0	0	0	0	0	0	0	0	0	0	0	0	0	0	0	0	0	0	0	0	0	0	0	0	0	0	0	0	0	0	0	0	0	0	0	0	0	0	0	0	0	0	0	0	0	0	0	0	0	0	0	0	0	0	0	
19	41	154	335	521	890	1276	1368	1078	891	670	555	413	305	158	90	60	41	18	9	1	13	18	15	16	37	87	186	324	529	1217	1832	2077	2711	4510	6269	6856	6893	6556	5453	4489	4155	5673	7325	7000	5294	3784	3921	4498	5155	4069	2041	1358	1240	997	746	386	241	97	36	28	20	83	87	48	43	19	6	1	0	2	0	0	0	0	0	0	0	0	0	0	0	0	0	0	0	0	0	0	0	0	0	0	0	0	0	0	0	0	0	0	0	0	0	0	0	0	0	0	0	0	0	0	0	0	0	0	0	0	0	0	0	0	0	0	0	0	0	0	
2	14	101	292	397	514	514	408	278	239	186	119	84	72	51	40	22	4	0	0	0	5	0	0	28	49	103	247	458	825	1794	2771	2730	3145	5016	6516	6500	6362	6550	5626	4883	4922	6247	7682	6306	4215	3143	2980	2910	2545	1694	914	647	445	367	236	145	40	36	21	13	37	50	14	8	11	5	0	0	0	0	0	0	0	0	0	0	0	0	0	0	0	0	0	0	0	0	0	0	0	0	0	0	0	0	0	0	0	0	0	0	0	0	0	0	0	0	0	0	0	0	0	0	0	0	0	0	0	0	0	0	0	0	0	0	0	0	0	0	
3	15	54	119	167	202	128	119	67	45	42	18	18	42	18	26	12	1	0	0	0	0	0	7	23	48	132	356	736	1232	2202	3542	3256	3829	5712	6994	6556	6456	6556	5843	5197	5412	6883	6954	5323	3131	2408	1912	1440	1053	681	398	293	172	126	76	30	17	22	24	43	21	3	0	5	5	0	0	0	0	0	0	0	0	0	0	0	0	0	0	0	0	0	0	0	0	0	0	0	0	0	0	0	0	0	0	0	0	0	0	0	0	0	0	0	0	0	0	0	0	0	0	0	0	0	0	0	0	0	0	0	0	0	0	0	0	0	0	0	
3	6	19	36	54	39	42	23	9	11	16	5	6	3	1	0	0	0	0	0	0	1	8	31	20	72	230	484	749	1523	2784	3612	3939	4537	6057	7463	6975	6440	6198	5770	5014	5069	5613	5193	3107	1814	1316	997	740	455	257	149	72	30	45	18	7	4	2	7	10	0	0	0	0	0	0	0	0	0	0	0	0	0	0	0	0	0	0	0	0	0	0	0	0	0	0	0	0	0	0	0	0	0	0	0	0	0	0	0	0	0	0	0	0	0	0	0	0	0	0	0	0	0	0	0	0	0	0	0	0	0	0	0	0	0	0	0	0	
0	0	4	8	6	11	9	1	2	0	0	1	0	0	0	0	0	0	0	0	0	4	9	15	20	98	262	495	993	1668	2710	4005	4767	4851	6820	7793	6600	5488	5399	4422	3595	3335	3464	2554	1401	782	495	384	214	79	72	39	14	22	16	14	5	0	0	0	0	0	0	0	0	0	0	0	0	0	0	0	0	0	0	0	0	0	0	0	0	0	0	0	0	0	0	0	0	0	0	0	0	0	0	0	0	0	0	0	0	0	0	0	0	0	0	0	0	0	0	0	0	0	0	0	0	0	0	0	0	0	0	0	0	0	0	0	0	
0	0	0	0	2	4	1	0	0	0	0	0	0	0	0	0	0	0	0	0	0	5	2	8	28	125	288	589	1188	1775	2494	4015	4924	5058	6247	6593	4836	3601	3394	2550	2166	1851	1467	891	433	198	104	93	58	29	17	2	9	5	11	0	0	0	0	0	0	0	0	0	0	0	0	0	0	0	0	0	0	0	0	0	0	0	0	0	0	0	0	0	0	0	0	0	0	0	0	0	0	0	0	0	0	0	0	0	0	0	0	0	0	0	0	0	0	0	0	0	0	0	0	0	0	0	0	0	0	0	0	0	0	0	0	0	0	
0	0	0	0	0	0	0	0	0	0	0	0	0	0	0	0	0	0	0	0	1	10	5	10	31	155	385	754	1213	1573	2256	3973	4638	4488	4824	4534	3022	1926	1628	1229	992	658	345	161	92	35	13	27	22	4	0	3	16	0	0	0	0	0	0	0	0	0	0	0	0	0	0	0	0	0	0	0	0	0	0	0	0	0	0	0	0	0	0	0	0	0	0	0	0	0	0	0	0	0	0	0	0	0	0	0	0	0	0	0	0	0	0	0	0	0	0	0	0	0	0	0	0	0	0	0	0	0	0	0	0	0	0	0	0	
0	0	0	0	0	0	0	0	0	0	0	0	0	0	0	0	0	0	0	0	0	3	1	1	55	177	430	751	1139	1426	2060	3198	3889	3577	3137	2380	1573	905	556	374	233	138	56	34	7	3	3	13	2	0	1	9	1	0	0	0	0	0	0	0	0	0	0	0	0	0	0	0	0	0	0	0	0	0	0	0	0	0	0	0	0	0	0	0	0	0	0	0	0	0	0	0	0	0	0	0	0	0	0	0	0	0	0	0	0	0	0	0	0	0	0	0	0	0	0	0	0	0	0	0	0	0	0	0	0	0	0	0	0	
0	0	0	0	0	0	0	0	0	0	0	0	0	0	0	0	0	0	0	0	2	1	7	11	55	186	439	796	1169	1326	1694	2491	2605	1884	1538	1125	587	242	166	113	31	13	2	0	2	8	6	0	0	0	0	0	0	0	0	0	0	0	0	0	0	0	0	0	0	0	0	0	0	0	0	0	0	0	0	0	0	0	0	0	0	0	0	0	0	0	0	0	0	0	0	0	0	0	0	0	0	0	0	0	0	0	0	0	0	0	0	0	0	0	0	0	0	0	0	0	0	0	0	0	0	0	0	0	0	0	0	0	0	
0	0	0	0	0	0	0	0	0	0	0	0	0	0	0	0	0	0	0	0	0	5	6	13	53	194	438	699	1030	1112	1140	1374	1146	810	580	379	164	50	29	7	0	0	0	0	0	6	0	0	0	0	0	0	0	0	0	0	0	0	0	0	0	0	0	0	0	0	0	0	0	0	0	0	0	0	0	0	0	0	0	0	0	0	0	0	0	0	0	0	0	0	0	0	0	0	0	0	0	0	0	0	0	0	0	0	0	0	0	0	0	0	0	0	0	0	0	0	0	0	0	0	0	0	0	0	0	0	0	0	0	
0	0	0	0	0	0	0	0	0	0	0	0	0	0	0	0	0	0	0	0	1	2	3	20	41	138	334	637	764	664	591	531	388	246	157	64	24	7	0	0	0	0	0	0	0	0	0	0	0	0	0	0	0	0	0	0	0	0	0	0	0	0	0	0	0	0	0	0	0	0	0	0	0	0	0	0	0	0	0	0	0	0	0	0	0	0	0	0	0	0	0	0	0	0	0	0	0	0	0	0	0	0	0	0	0	0	0	0	0	0	0	0	0	0	0	0	0	0	0	0	0	0	0	0	0	0	0	0	0	
0	0	0	0	0	0	0	0	0	0	0	0	0	0	0	0	0	0	0	0	0	1	10	15	36	132	245	369	306	249	189	143	70	49	21	16	1	0	0	0	0	0	0	0	0	0	0	0	0	0	0	0	0	0	0	0	0	0	0	0	0	0	0	0	0	0	0	0	0	0	0	0	0	0	0	0	0	0	0	0	0	0	0	0	0	0	0	0	0	0	0	0	0	0	0	0	0	0	0	0	0	0	0	0	0	0	0	0	0	0	0	0	0	0	0	0	0	0	0	0	0	0	0	0	0	0	0	0	0	
0	0	0	0	0	0	0	0	0	0	0	0	0	0	0	0	0	0	0	0	0	0	15	16	49	80	169	164	143	98	39	38	16	0	1	0	0	0	0	0	0	0	0	0	0	0	0	0	0	0	0	0	0	0	0	0	0	0	0	0	0	0	0	0	0	0	0	0	0	0	0	0	0	0	0	0	0	0	0	0	0	0	0	0	0	0	0	0	0	0	0	0	0	0	0	0	0	0	0	0	0	0	0	0	0	0	0	0	0	0	0	0	0	0	0	0	0	0	0	0	0	0	0	0	0	0	0	0	0	
0	0	0	0	0	0	0	0	0	0	0	0	0	0	0	0	0	0	0	0	0	0	6	16	30	54	66	57	15	3	6	0	0	0	0	0	0	0	0	0	0	0	0	0	0	0	0	0	0	0	0	0	0	0	0	0	0	0	0	0	0	0	0	0	0	0	0	0	0	0	0	0	0	0	0	0	0	0	0	0	0	0	0	0	0	0	0	0	0	0	0	0	0	0	0	0	0	0	0	0	0	0	0	0	0	0	0	0	0	0	0	0	0	0	0	0	0	0	0	0	0	0	0	0	0	0	0	0	0	
0	0	0	0	0	0	0	0	0	0	0	0	0	0	0	0	0	0	0	0	0	0	2	10	12	6	6	1	0	0	0	0	0	0	0	0	0	0	0	0	0	0	0	0	0	0	0	0	0	0	0	0	0	0	0	0	0	0	0	0	0	0	0	0	0	0	0	0	0	0	0	0	0	0	0	0	0	0	0	0	0	0	0	0	0	0	0	0	0	0	0	0	0	0	0	0	0	0	0	0	0	0	0	0	0	0	0	0	0	0	0	0	0	0	0	0	0	0	0	0	0	0	0	0	0	0	0	0	0	
0	0	0	0	0	0	0	0	0	0	0	0	0	0	0	0	0	0	0	0	0	4	3	2	0	1	0	0	0	0	0	0	0	0	0	0	0	0	0	0	0	0	0	0	0	0	0	0	0	0	0	0	0	0	0	0	0	0	0	0	0	0	0	0	0	0	0	0	0	0	0	0	0	0	0	0	0	0	0	0	0	0	0	0	0	0	0	0	0	0	0	0	0	0	0	0	0	0	0	0	0	0	0	0	0	0	0	0	0	0	0	0	0	0	0	0	0	0	0	0	0	0	0	0	0	0	0	0	0	
