6.85358703e-01	-8.21553264e-03	
6.52420402e-01	-2.06881553e-01	
1.11209679e+00	3.09423748e-02	
6.45818770e-01	1.03736341e+00	
4.61482316e-01	-5.22546887e-01	
-9.34248209e-01	-1.85439721e-01	
5.52461207e-01	-2.48593576e-02	
7.51264811e-01	7.51282200e-02	
-8.93919706e-01	1.15560806e+00	
-4.91209835e-01	6.79582879e-02	
-2.14465633e-01	-1.02353528e-01	-2.87420712e-02	1.22434981e-01	-1.60800308e-01	-1.29046902e-01	-2.56076366e-01	1.21917740e-01	-3.70308384e-02	3.78043093e-02	
3.41209359e-02	5.93541682e-01	3.37965488e-01	2.73174703e-01	-7.10306525e-01	-6.48847640e-01	3.67671549e-01	4.72039469e-02	-1.13134362e-01	-4.39851582e-02	
4.63741690e-01	4.33462828e-01	-2.34890189e-02	4.80654925e-01	-4.01723117e-01	-8.78349915e-02	5.27140141e-01	9.63703617e-02	-4.79293875e-02	-3.63629222e-01	
-2.59998944e-02	-4.12775129e-02	1.88521713e-01	-1.18901655e-01	-3.14348429e-01	-2.81866193e-01	-1.52881041e-01	-1.58890290e-03	-8.16138759e-02	-2.85449952e-01	
-3.02176923e-01	-3.62985022e-02	2.11228341e-01	4.77972962e-02	1.35353237e-01	-6.95405751e-02	-1.42952785e-01	1.98641345e-01	-3.02437633e-01	1.02738932e-01	
-2.15693619e-02	-4.61088866e-01	-4.66401875e-01	1.17808387e-01	-1.61537230e-02	4.39273790e-02	1.88930988e-01	2.02416003e-01	1.68670356e-01	2.56179601e-01	
-3.98959249e-01	4.50837344e-01	3.62005144e-01	-4.77014691e-01	2.60148764e-01	3.85493517e-01	-2.30971482e-02	4.98349190e-01	5.54358184e-01	4.97633696e-01	
-5.63493490e-01	-3.94682288e-01	-1.28229201e-01	-7.81441107e-02	-4.65281792e-02	6.80093408e-01	1.53820282e-02	2.38425843e-02	7.11958826e-01	4.46868896e-01	
-4.63534258e-02	-1.23591041e-02	3.87675315e-01	-4.64060009e-01	6.81693017e-01	4.81172621e-01	-2.25050122e-01	4.31722224e-01	6.61380827e-01	4.13905591e-01	
5.66251755e-01	-3.70116569e-02	3.96784574e-01	3.13743770e-01	-4.58486080e-01	-4.28481489e-01	-1.53007759e-02	5.04685700e-01	-8.70617107e-02	1.61207199e-01	
-2.74038583e-01	-4.72823888e-01	-4.66509253e-01	9.87521112e-02	-1.98128801e-02	3.24628830e-01	8.53026509e-01	5.06755590e-01	6.32203698e-01	-4.97022033e-01	
5.73597252e-01	
7.77544156e-02	
-3.43136966e-01	
-4.90549296e-01	
-2.75213510e-01	
-1.35509327e-01	
7.94203162e-01	
3.54301125e-01	
-2.27158934e-01	
8.07084501e-01	
-4.91844416e-02	
4.23556119e-01	
3.63413244e-01	
-3.67844105e-02	
-2.60297805e-01	
2.07963213e-01	
2.34518219e-02	
2.14546204e-01	
1.98418379e-01	
4.37591404e-01	
6.86474666e-02	
