3.54912043e-01	1.06926799e+00	
4.37033176e-01	-5.39094031e-01	
-1.20232143e-01	4.14019942e-01	
-4.13225472e-01	-3.98366116e-02	
6.73996031e-01	-1.39314327e-02	
7.86387742e-01	2.15148136e-01	
-1.18642204e-01	1.56193089e+00	
-8.52996528e-01	4.09079373e-01	
6.10755011e-02	-8.93558711e-02	
7.77003050e-01	1.20925181e-01	
3.02347183e-01	7.83551395e-01	
3.19956154e-01	3.41120481e-01	
6.48362994e-01	5.76123714e-01	
3.48853201e-01	1.24134159e+00	
-5.80558360e-01	-2.15301484e-01	
-4.97700840e-01	5.27956247e-01	
-6.64546669e-01	1.36411142e+00	
7.11229265e-01	7.80111849e-02	
7.67351389e-01	9.28334951e-01	
-2.00534821e-01	1.30841529e+00	
-9.24558640e-01	3.94344479e-02	
7.50254393e-01	8.86756599e-01	
-8.71366441e-01	-4.01373446e-01	
1.80701405e-01	9.10885155e-01	
-3.88440669e-01	1.21105838e+00	
2.47910991e-02	-1.77999884e-01	1.28485486e-01	-5.81892729e-02	-1.58806108e-02	4.24470380e-02	-1.00408748e-01	-1.48192152e-01	-6.84632286e-02	1.39733374e-01	-1.94074407e-01	3.91124375e-02	1.13436403e-02	-4.04678285e-02	3.99237871e-02	3.57131963e-03	1.86561629e-01	1.32682025e-01	-8.85425359e-02	4.00833599e-02	1.32560879e-01	1.02122545e-01	-1.56018957e-01	-1.33493975e-01	-1.80264236e-03	
1.63849294e-01	1.68392688e-01	1.20281175e-01	1.34727702e-01	7.95013607e-02	1.93603158e-01	-3.68842661e-01	1.11273892e-01	-4.89997379e-02	2.11644828e-01	1.12331219e-01	1.73747744e-02	1.96109176e-01	8.60495418e-02	-1.00262947e-01	-3.16338718e-01	-3.17005336e-01	2.43589655e-01	3.64649706e-02	-1.81258976e-01	-2.12778971e-01	1.46123057e-03	-5.79730392e-01	3.00664723e-01	-8.61889124e-02	
-1.24676454e+00	-5.48145294e-01	9.26647242e-03	-9.43315774e-02	-6.90492332e-01	-4.66182500e-01	8.28257561e-01	2.24189341e-01	1.13076091e-01	-3.90542001e-01	7.21444488e-01	-8.99296165e-01	-7.30897486e-02	-1.14703655e+00	1.36725217e-01	3.60076614e-02	3.07949424e-01	-2.83652961e-01	1.37145090e+00	6.50064170e-01	2.78579324e-01	-5.92964411e-01	9.06622767e-01	-1.19448113e+00	1.53231174e-01	
2.10662521e-02	1.76581964e-01	-1.70860097e-01	1.72137856e-01	1.59854349e-02	1.56020463e-01	-9.07092318e-02	-1.02478258e-01	2.35794540e-02	2.16982707e-01	7.04718083e-02	2.25600675e-01	6.66920319e-02	3.08029711e-01	1.22265235e-01	-4.45112318e-01	-3.62518102e-01	1.33259118e-01	2.40998715e-01	-5.53464055e-01	-2.84876227e-01	2.27414265e-01	-8.88245940e-01	1.16769537e-01	-2.75486708e-01	
-1.98789597e-01	9.15923491e-02	1.12003282e-01	-9.89775658e-02	2.26249099e-01	-1.00488529e-01	-3.28696251e-01	2.60527129e-03	7.65437409e-02	2.06188679e-01	3.77871878e-02	-9.14446190e-02	1.20136127e-01	1.16006345e-01	-4.82032299e-01	-1.19950309e-01	-7.03597143e-02	5.11948690e-02	1.39395744e-01	-4.06339228e-01	-1.50019169e-01	1.66478276e-01	-1.04275225e-02	-7.15332180e-02	-1.59592912e-01	
-3.55333053e-02	6.11787848e-02	1.57886267e-01	5.84346317e-02	1.78934619e-01	1.55691952e-01	-2.65004694e-01	-3.90228815e-02	-1.03418447e-01	-4.15248759e-02	9.50761512e-02	1.22816280e-01	1.67754501e-01	2.41869047e-01	9.00514722e-02	9.15748999e-02	2.86015049e-02	2.31137693e-01	1.82361126e-01	-1.32511901e-02	1.54621825e-01	-9.58507583e-02	2.16230318e-01	1.59015968e-01	-2.20131621e-01	
-3.08656007e-01	-4.78281587e-01	1.91781759e-01	-9.24861431e-02	-5.83457351e-01	-2.00680465e-01	4.80466872e-01	2.86459118e-01	-9.74998027e-02	-3.36782694e-01	3.29204440e-01	-2.85208678e+00	-1.52071752e-02	-4.82645750e-01	1.65420532e-01	2.60606915e-01	3.08493942e-01	-5.37635684e-01	9.01537359e-01	4.21351820e-01	4.81691919e-02	-4.83814806e-01	4.66221869e-01	-3.12529206e-01	-1.68998598e-03	
3.81620824e-01	-3.78839895e-02	6.07373705e-03	3.48013155e-02	-4.43619937e-02	-4.07582242e-03	-4.01563346e-01	-5.88555150e-02	-6.71953708e-02	1.43409088e-01	1.81886572e-02	2.10497439e-01	2.24670380e-01	2.54414886e-01	4.12853479e-01	-1.74945593e-01	3.38547945e-01	1.75797060e-01	-1.15886278e-01	-2.16455534e-01	-2.18674764e-02	2.98098534e-01	-1.42712280e-01	2.98656523e-01	-2.56076634e-01	
3.74839187e-01	2.02498838e-01	-4.15470116e-02	1.16696410e-01	-2.69532055e-01	2.51074046e-01	-4.92201418e-01	3.00580740e-01	-1.99965239e-01	9.71124843e-02	2.81361416e-02	3.62450510e-01	2.57198811e-01	5.41900396e-01	2.03441083e-01	-1.60013512e-01	1.64613709e-01	-5.19492924e-02	-1.17753677e-01	-4.39819723e-01	-3.97259369e-02	1.12528399e-01	-2.40870178e-01	4.22977567e-01	-1.39974505e-01	
-1.80737391e-01	-5.95889390e-01	1.60952672e-01	1.26603052e-01	-8.18748415e-01	-3.36330593e-01	3.51631969e-01	2.53040761e-01	3.84548418e-02	-2.21024469e-01	5.14560223e-01	-2.17335176e+00	2.02098601e-02	-4.89739656e-01	7.99795091e-02	2.79703826e-01	2.22909078e-01	-5.19461513e-01	6.99770212e-01	5.20092905e-01	9.78076831e-03	-4.38519359e-01	8.75868380e-01	-3.71127337e-01	1.93991721e-01	
-2.54505247e-01	2.77519356e-02	7.88853168e-02	1.43630072e-01	-2.95603685e-02	-7.04626366e-02	4.96221751e-01	2.00998127e-01	9.50590894e-02	-3.78110021e-01	4.32402372e-01	-2.57864863e-01	-9.43874791e-02	-4.59112674e-01	2.37624839e-01	2.41464358e-02	8.85770842e-02	-3.58745188e-01	2.09414706e-01	1.74681082e-01	3.23334843e-01	-2.05663487e-01	6.72068834e-01	-2.03192249e-01	2.82471001e-01	
-2.82719225e-01	-3.93355219e-03	1.84811831e-01	-1.09219454e-01	1.01604782e-01	-1.48250520e-01	3.81122768e-01	2.89614201e-01	2.12276224e-02	-2.37306505e-01	2.51437556e-02	5.75655513e-02	-5.03118746e-02	-6.11957788e-01	3.17500800e-01	1.72928736e-01	5.56912608e-02	-1.71427980e-01	3.30605894e-01	4.36208218e-01	3.56208444e-01	-7.73702487e-02	6.46770060e-01	-6.47523701e-01	2.34107748e-01	
7.79249147e-02	-2.19223753e-01	3.63691337e-02	1.26013622e-01	-1.83486134e-01	4.92461696e-02	1.27524650e-02	1.23738490e-01	5.91287622e-03	2.95956712e-03	6.29243953e-03	8.06050301e-02	9.50725842e-03	-1.47324428e-01	-1.45826459e-01	2.57065713e-01	2.14313850e-01	2.10537240e-02	1.88424680e-02	2.93112844e-01	2.44122148e-01	-1.15208747e-02	7.33293474e-01	-6.76655471e-02	4.34875637e-02	
7.94807673e-01	-2.65232325e-01	1.08158588e-01	9.77817103e-02	-6.18280411e-01	1.58682823e-01	-7.91813910e-01	-3.81152421e-01	1.06409810e-01	1.27853826e-01	9.65885632e-03	4.70896482e-01	6.47040844e-01	1.11498201e+00	3.24255675e-01	-6.26484811e-01	-5.86912692e-01	-3.89336824e-01	5.15073985e-02	-1.03282762e+00	-6.16706073e-01	3.12585443e-01	-8.25616062e-01	1.14374936e+00	-3.27902377e-01	
2.54669279e-01	-1.87259109e-03	1.03046775e-01	-6.15878105e-02	3.99420457e-03	-4.67392839e-02	-1.44700641e-02	-1.03188351e-01	-1.31914765e-01	2.19031483e-01	-1.75568253e-01	7.81631283e-03	2.02953771e-01	3.65870327e-01	-2.02197470e-02	-2.47324035e-01	-1.08183436e-01	1.30479708e-01	-8.81574005e-02	-4.41143155e-01	-8.84262174e-02	2.95527071e-01	-6.38233244e-01	6.77949116e-02	2.44548675e-02	
-7.99893960e-02	-1.93317264e-01	-8.13974887e-02	-1.87524185e-01	-4.21621770e-01	-7.70246685e-01	5.62315345e-01	2.44918853e-01	9.49545130e-02	-6.53835237e-01	3.88237953e-01	-1.04083312e+00	-3.97843271e-02	-2.34664634e-01	1.45846248e-01	6.25221152e-03	1.59082502e-01	-3.24915737e-01	4.20564175e-01	4.07281667e-01	2.57084101e-01	-6.03655577e-01	6.16676450e-01	2.12893914e-02	1.61901310e-01	
5.51529936e-02	1.66795716e-01	2.05019470e-02	-1.24864273e-01	-1.54634705e-03	2.59696633e-01	-4.17941779e-01	1.25386566e-01	-1.95648029e-01	1.44077480e-01	8.43715668e-02	-1.15592191e-02	1.19721182e-01	2.01134682e-01	2.01600730e-01	-1.38694555e-01	1.72204860e-02	-8.37877989e-02	9.30617377e-02	-1.01902805e-01	3.58884096e-01	2.19637066e-01	7.32886558e-03	2.67018646e-01	-9.28210169e-02	
-3.41518410e-02	-1.81551740e-01	-1.29155666e-01	2.10956093e-02	9.37393457e-02	5.86562864e-02	6.99910447e-02	1.34741785e-02	3.12590860e-02	-5.68391569e-02	-3.67014413e-03	-5.83629608e-02	-1.53173238e-01	5.61189167e-02	-3.85499006e-04	7.48082399e-02	7.60726705e-02	4.20341268e-02	-1.18200116e-01	-8.27837214e-02	1.55045733e-01	-1.21540047e-01	6.82828650e-02	-1.95243955e-01	-1.45330146e-01	
6.62863925e-02	7.55050853e-02	-8.39653015e-02	7.70013109e-02	-2.14795992e-01	-4.71921191e-02	-1.04338981e-01	1.66017726e-01	3.02792080e-02	4.94504198e-02	-1.35797262e-01	-5.67525178e-02	1.36707410e-01	1.02693237e-01	1.46565763e-02	-1.02959156e-01	1.65278360e-01	1.52000278e-01	-1.62815422e-01	-1.33882379e-02	-1.60050318e-01	4.85940278e-02	-9.19376165e-02	-8.91547725e-02	-1.29331931e-01	
-1.00212514e-01	6.70081526e-02	1.42016456e-01	1.23463534e-01	2.66335845e-01	-6.97767794e-01	4.42578405e-01	1.71106204e-01	1.81714088e-01	-6.02021337e-01	1.19274698e-01	6.57965019e-02	-2.87860870e-01	2.07096100e-01	1.26959890e-01	2.09075108e-01	3.67288440e-02	-1.22674868e-01	3.83525550e-01	3.14181447e-01	1.50357038e-01	-8.39738071e-01	3.22021365e-01	5.02969511e-02	2.02572301e-01	
6.69845790e-02	2.57960439e-01	1.13497332e-01	-1.72875404e-01	4.44349162e-02	2.80594409e-01	-3.02397788e-01	-1.18217088e-01	1.98714480e-01	-9.14019905e-03	1.88249409e-01	3.14914808e-02	2.19946787e-01	1.48792222e-01	8.61308798e-02	-2.90090680e-01	-7.99678862e-02	6.51079267e-02	-8.53457004e-02	-2.52850741e-01	-7.39736035e-02	6.04412630e-02	-9.24296856e-01	2.94793874e-01	-2.61576235e-01	
-3.21474433e-01	-1.17965691e-01	-3.02800667e-02	1.88343674e-01	-7.62734115e-02	-4.14838761e-01	6.03673697e-01	1.02575645e-01	4.96969707e-02	-2.97226012e-01	2.03538448e-01	1.29361860e-02	-3.17119539e-01	-3.67427349e-01	3.57003659e-01	-1.53765846e-02	2.79283643e-01	-4.07095224e-01	6.66322708e-01	2.63425797e-01	1.37405574e-01	-3.27165455e-01	5.40945411e-01	-3.81262898e-01	4.91650775e-02	
2.34012961e-01	1.28086001e-01	-7.01554790e-02	-1.06995083e-01	1.61050349e-01	6.05572900e-03	-4.06550050e-01	-2.87863016e-01	-6.16865158e-02	8.03471729e-02	1.57946780e-01	3.00049603e-01	3.66732121e-01	3.35880816e-01	2.02308729e-01	-1.78367451e-01	-5.38873494e-01	1.95979759e-01	1.96273193e-01	-7.14263558e-01	-7.79035836e-02	2.92526372e-02	-1.07329071e+00	3.35015327e-01	-2.81048089e-01	
2.42598787e-01	-1.73819643e-02	-2.40265615e-02	-7.07758218e-02	1.51633933e-01	3.08182299e-01	-5.74925125e-01	2.53964633e-01	-1.01874068e-01	8.56997147e-02	-3.17951031e-02	2.53344953e-01	1.71016112e-01	1.21719606e-01	4.25899625e-01	-2.39386544e-01	4.03671801e-01	-5.32742515e-02	4.69836108e-02	-3.96379530e-01	1.65995464e-01	8.40698853e-02	-2.43900508e-01	4.34876621e-01	-2.02794671e-01	
1.20657541e-01	-1.04594473e-02	1.59742367e-02	-1.18369244e-01	1.34682164e-01	-1.09356478e-01	1.96445391e-01	-1.49197102e-01	5.61835058e-02	-1.16237402e-01	6.80874363e-02	9.66182947e-02	-1.25766739e-01	-1.12764314e-01	8.71114712e-03	1.49996683e-01	1.74113270e-02	-5.55927046e-02	-1.12101249e-01	-1.70193478e-01	4.91386428e-02	-2.58358009e-02	1.03303194e-01	-8.11806917e-02	-1.58218458e-01	
1.30580962e-01	-2.85943121e-01	4.19499248e-01	-1.62271440e-01	3.03815961e-01	-2.84992665e-01	5.88290393e-01	-1.50671259e-01	-3.24906617e-01	5.03970444e-01	2.87855834e-01	3.75043333e-01	1.41132638e-01	-8.41742039e-01	-2.26215735e-01	4.24556196e-01	-1.60403341e-01	5.31802438e-02	-6.78948534e-04	4.71930593e-01	-3.08282107e-01	3.94350171e-01	-1.90348014e-01	-2.86704183e-01	-6.31976128e-02	
-5.44112146e-01	
2.48451501e-01	
-6.58258498e-01	
-4.13618624e-01	
-9.08309519e-02	
2.57789373e-01	
-5.69927022e-02	
1.28437132e-01	
-6.09039307e-01	
2.87691772e-01	
3.27646732e-01	
-5.04970789e-01	
8.86489153e-01	
-1.91823095e-01	
8.22635531e-01	
9.56777036e-02	
-1.49842367e-01	
-5.84869273e-02	
6.11976266e-01	
-6.09336309e-02	
-5.31663261e-02	
2.02573106e-01	
-6.33821905e-01	
-1.35653719e-01	
1.93490833e-01	
-1.92456588e-01	
3.63328993e-01	
8.15625638e-02	
3.31304967e-01	
-3.27475905e-01	
1.10481374e-01	
-1.04351163e-01	
2.53226161e-01	
3.11393976e-01	
-1.48714446e-02	
2.62723863e-03	
-7.24702999e-02	
-8.85213725e-03	
5.45994401e-01	
2.62398124e-01	
2.51591555e-03	
1.77407283e-02	
-1.09123349e-01	
-1.80080801e-01	
4.95353006e-02	
2.37691045e-01	
2.06560209e-01	
2.04055429e-01	
6.94278628e-02	
-1.05684757e-01	
-1.72027960e-01	
