-5.43524683e-01	-5.73387027e-01	
5.52326083e-01	2.09093541e-01	
-3.21497589e-01	-7.05125630e-01	
1.06671667e+00	-1.10721163e-01	
-1.09951496e+00	-2.64851481e-01	
-5.30083716e-01	-1.09451890e-01	
-5.96998751e-01	4.15285677e-01	
-3.10403168e-01	2.70052310e-02	
-1.77004457e-01	2.10704058e-01	
-5.01177013e-01	-4.38609540e-01	
-1.01872431e-02	-6.01952493e-01	
-1.15817630e+00	1.73324212e-01	
2.11886361e-01	2.82208711e-01	
-4.70944680e-02	4.91127431e-01	
1.15441120e+00	5.05763777e-02	
8.52240473e-02	-1.20934481e-02	
-2.32587501e-01	3.10577989e-01	
3.81890565e-01	2.41726920e-01	
4.26003069e-01	3.80050421e-01	
4.48129356e-01	-5.44033468e-01	
-6.39745414e-01	5.70782125e-02	
-2.01468676e-01	1.42636985e-01	
8.36939275e-01	-7.07874969e-02	
-4.92110513e-02	-7.29447246e-01	
1.00648165e+00	-2.46547103e-01	
-1.43723920e-01	8.42606872e-02	-1.86164647e-01	6.23655468e-02	1.06938648e+00	-9.13342983e-02	-2.25789213e+00	-1.06492855e-01	-2.91830786e-02	-3.03953111e-01	-1.49683714e-01	-1.51121914e+00	7.89549127e-02	1.02757692e-01	2.81714112e-01	-1.32215530e-01	1.52954435e+00	-9.28492099e-02	-1.79982975e-01	-3.21602821e-02	-3.82424593e-02	1.01825811e-01	1.66063800e-01	-1.56159490e-01	1.07050985e-01	
3.45615208e-01	2.18296081e-01	-3.34857870e-03	1.76423371e-01	-7.75755197e-02	2.11511865e-01	-1.13840318e+00	5.60587682e-02	-1.45587325e-01	1.10009015e-01	3.15120608e-01	-1.13515747e+00	-1.40395164e-01	6.64205570e-03	2.99676389e-01	-7.68636689e-02	-3.01715750e-02	-9.36512947e-02	1.41964823e-01	3.15632522e-01	-1.15459897e-01	-3.64793055e-02	3.78360987e-01	3.30928743e-01	3.39320868e-01	
-1.47248924e-01	6.52931213e-01	-6.60405681e-02	1.72042146e-01	-6.23406649e-01	2.72540033e-01	5.63833900e-02	1.36994064e-01	-1.56045919e-02	-2.35613182e-01	-1.47986680e-01	-3.17164809e-02	1.93996951e-01	-9.29709673e-02	-1.63094544e+00	1.42814308e-01	1.04871213e+00	1.32535413e-01	1.99990302e-01	-2.17073336e-01	-1.50553569e-01	1.16598681e-01	2.75509357e-01	-6.09151065e-01	1.22237280e-01	
-1.34330153e-01	1.26294807e-01	-1.08171776e-01	-1.15185976e-02	-1.80599570e-01	-1.52386352e-01	-1.80773720e-01	-1.87513813e-01	-1.60275415e-01	-4.94067697e-03	1.71409249e-01	1.66625269e-02	1.88903809e-02	7.52240643e-02	1.11290459e-02	-6.26952667e-03	-1.92702219e-01	6.96946606e-02	1.43298343e-01	5.03358617e-02	1.34991601e-01	-1.34141684e-01	8.27350654e-03	-5.87992668e-02	-8.84913951e-02	
1.43086463e-01	8.31635320e-04	-7.22903833e-02	-1.25975519e-01	8.99673477e-02	1.14294499e-01	1.81918859e+00	2.09073067e-01	-1.89692691e-01	9.66954231e-02	9.66484174e-02	1.63083887e+00	1.06386326e-01	-7.28550479e-02	3.77132088e-01	9.76496935e-02	2.15444699e-01	1.83373615e-01	3.09343822e-02	-3.84248495e-02	-1.19960599e-01	1.28256917e-01	-1.40648320e-01	-2.04069629e-01	-1.02445915e-01	
-2.20865846e-01	7.13106096e-01	4.64513451e-02	-4.78051996e+00	-2.91637219e-02	1.91191677e-02	5.13778269e-01	-2.46114051e-03	9.61674452e-02	-2.10658158e-03	-1.56845748e-01	1.70477971e-01	-7.44830891e-02	-5.60352812e-03	-2.17940345e-01	-1.10147886e-01	4.28280801e-01	-3.86255272e-02	-2.15791948e-02	-1.25815511e-01	-1.90143973e-01	8.70523676e-02	3.02742291e-02	-2.89497852e-01	1.03758700e-01	
-1.63822100e-02	8.30726251e-02	-3.85102700e-04	-1.20245725e-01	9.80903432e-02	7.73164779e-02	7.10316794e-03	-4.96795550e-02	-8.52372870e-02	6.25652075e-02	-1.42526805e-01	-4.53433692e-02	-6.21751063e-02	1.55117586e-01	9.49452445e-02	4.41241282e-04	2.93591339e-02	6.05846643e-02	-1.12532139e-01	-9.43481550e-03	-3.99787426e-02	6.14354126e-02	3.59549373e-02	-9.74028334e-02	-2.06551000e-01	
1.26668513e-01	-4.28002849e-02	-3.13790366e-02	5.81713915e-02	6.68082684e-02	-1.81166455e-01	-1.44449815e-01	6.42522424e-02	1.82151109e-01	-1.74489886e-01	7.88527504e-02	1.70723215e-01	-6.37746379e-02	1.33728296e-01	-1.73981458e-01	-1.74360871e-01	-1.84043422e-01	7.11246505e-02	-1.32464573e-01	-1.79337874e-01	-7.56860524e-02	-1.88276440e-01	-2.24476550e-02	-1.92265026e-02	-4.52627521e-03	
-1.04773909e-01	3.51987816e-02	-7.38836676e-02	-7.02305585e-02	-2.88876534e-01	-1.23144910e-01	1.31947815e+00	-9.04192850e-02	2.73717642e-02	-1.47512197e-01	1.67177171e-02	1.32549739e+00	-8.49872604e-02	7.86115900e-02	4.27279860e-01	-7.09582120e-02	2.04837412e-01	-1.35145709e-01	1.93279818e-01	5.06668054e-02	-6.44180104e-02	-1.53523237e-01	-3.13439444e-02	-3.08179528e-01	1.25819832e-01	
2.47588798e-01	7.66339451e-02	2.79247370e-02	1.42995581e-01	-2.84199417e-01	1.31944537e-01	8.50921214e-01	-8.11714604e-02	1.83949739e-01	1.75158516e-01	-8.61526951e-02	6.86494589e-01	8.36219341e-02	1.86067864e-01	6.74297452e-01	1.22587685e-03	1.37223765e-01	6.40416169e-04	-1.83241203e-01	1.95212156e-01	4.77653034e-02	1.70942903e-01	2.06743479e-02	-2.12936979e-02	2.48385713e-01	
1.51526049e-01	7.43287429e-02	6.59009665e-02	-2.10162133e-01	8.48547816e-02	-1.26121044e-01	-1.33410245e-01	-6.24802671e-02	-8.86013508e-02	-1.99088678e-02	-1.00218639e-01	-1.12250121e-02	-1.92035869e-01	-1.59799345e-02	1.85790092e-01	-6.59334660e-02	-1.05736382e-01	-1.56444937e-01	1.95158795e-01	1.29451334e-01	5.64011596e-02	-8.49513784e-02	-2.26424634e-01	3.59632596e-02	-2.23363116e-01	
9.00532082e-02	-1.48039460e-02	1.56394824e-01	-4.91849668e-02	6.92253411e-01	3.18653919e-02	-7.29460180e-01	2.27741182e-01	-3.46214287e-02	2.72730589e-01	-1.17652945e-01	-3.57190996e-01	-1.34655954e-02	8.47472921e-02	-2.65772367e+00	1.94519684e-01	5.20296037e-01	-1.71295241e-01	9.12419558e-02	1.35362267e-01	-1.85234472e-01	-1.82345640e-02	7.46855438e-02	-1.50726706e-01	2.57851034e-02	
9.26759616e-02	-5.68286777e-02	-1.71591029e-01	-1.63696736e-01	6.27975985e-02	-8.31606158e-04	-1.11882119e-02	3.75673361e-02	1.94681272e-01	1.40101001e-01	-9.66329202e-02	1.63318291e-02	7.68490583e-02	-1.85398459e-01	-6.89832196e-02	-2.79967543e-02	3.16853775e-03	-2.64090542e-02	-1.50906041e-01	-1.71694934e-01	-1.81007504e-01	-9.59560201e-02	-2.02879578e-01	1.10582292e-01	-1.97633877e-01	
4.03074436e-02	-5.36225200e-01	2.56429166e-01	2.28523254e-01	7.54582405e-01	-1.50833577e-02	-3.41521502e-01	1.07932046e-01	-2.25291494e-02	1.38007641e-01	-5.05989753e-02	-1.89526200e-01	-3.93705852e-02	5.66700958e-02	4.55208391e-01	-6.95675388e-02	-6.11570299e-01	4.33244705e-02	-3.67939472e-03	-1.09181359e-01	-9.42052379e-02	-1.99517235e-01	-7.43162408e-02	4.68386620e-01	1.08258016e-01	
9.87067148e-02	-2.08068699e-01	6.59471974e-02	9.20695737e-02	8.83678254e-03	4.52893451e-02	-8.52420479e-02	-1.54845223e-01	1.94882855e-01	-1.72491491e-01	-1.70767531e-01	9.63513926e-02	1.84923634e-01	4.39466015e-02	1.42783791e-01	-1.63742408e-01	1.65437356e-01	-1.08647607e-01	9.38243419e-02	4.89507169e-02	-9.41629931e-02	1.44930273e-01	-9.67640355e-02	-4.48789960e-03	-6.15137294e-02	
1.53409496e-01	1.22264877e-01	-6.62853420e-02	-8.15164521e-02	-8.75048995e-01	1.44141363e-02	4.10347044e-01	1.17926426e-01	4.46366332e-02	-1.00017481e-01	-1.21185035e-01	5.55323541e-01	-8.38141441e-02	-1.42802581e-01	1.59603894e-01	1.15988731e-01	6.37128949e-01	-1.03376560e-01	-2.58875135e-02	-1.36060938e-01	8.28295499e-02	-4.98949774e-02	-4.74949144e-02	-4.85118210e-01	9.30026174e-02	
2.07929090e-01	-2.89383501e-01	2.77933657e-01	-3.00191026e-02	5.77621102e-01	-8.97805765e-02	-8.81350458e-01	1.01009533e-01	-4.25787456e-02	-1.14627797e-02	7.33612254e-02	-7.39324868e-01	-4.15862799e-02	-1.80773243e-01	1.09907180e-01	7.23445937e-02	-2.59317517e-01	9.96415839e-02	1.66674450e-01	1.99643448e-01	1.15383029e-01	-9.88606215e-02	2.24083848e-02	2.38101706e-01	1.56731248e-01	
1.08440727e-01	6.51486158e-01	4.38410528e-02	2.52778590e-01	-9.02247369e-01	2.62547493e-01	-1.71818882e-01	1.05411239e-01	1.11051373e-01	1.05506025e-01	3.77239823e-01	-3.61625910e-01	2.69226078e-02	6.55942187e-02	-5.10520041e-01	1.44028291e-01	-1.43718407e-01	3.97303104e-02	1.79944754e-01	2.67516941e-01	-8.05064440e-02	1.00920655e-01	4.40500647e-01	6.20466433e-02	4.96436149e-01	
1.55411035e-01	-1.62939176e-01	5.44709787e-02	2.64690220e-01	7.86159217e-01	8.63499120e-02	-2.60262549e-01	1.76723421e-01	1.98786259e-02	8.22796747e-02	2.58388281e-01	-4.29432988e-01	-5.16190045e-02	-3.32896970e-02	6.73251450e-02	-1.89810187e-01	-3.64697546e-01	1.00896075e-01	-1.55766249e-01	-1.11891637e-02	1.49255516e-02	7.83715993e-02	1.30475491e-01	2.16265813e-01	-6.27271160e-02	
-7.50864446e-02	1.98693752e-01	-4.80007380e-02	-2.15091094e-01	-3.97195429e-01	5.83922528e-02	7.24912286e-01	-5.18613821e-03	-1.00286961e-01	-2.04987213e-01	-7.27416500e-02	6.20124578e-01	9.76519138e-02	6.09915257e-02	1.74688958e-02	1.70715451e-01	4.16707158e-01	-1.82424143e-01	9.58220512e-02	1.32258907e-01	1.40431523e-01	5.15895598e-02	2.21068159e-01	-2.94093698e-01	-1.41532049e-01	
-5.29375635e-02	5.05943954e-01	-1.80875644e-01	5.62115945e-02	-8.58481526e-01	2.76626408e-01	5.72668791e-01	1.08151414e-01	-1.09484985e-01	-2.57010490e-01	-2.33408630e-01	8.83370265e-02	4.99420427e-02	3.86155844e-02	-9.92722332e-01	6.91664740e-02	9.97171760e-01	-9.37504098e-02	1.26986742e-01	-2.06830576e-01	-1.91785581e-02	-1.57610461e-01	5.12480475e-02	-2.94884741e-01	1.29490435e-01	
1.40350327e-01	4.92115170e-02	-1.39617085e-01	-1.22319795e-01	5.69490828e-02	-1.59502536e-01	1.59488186e-01	7.06490595e-03	-1.37327477e-01	-6.08545877e-02	-1.35647351e-04	1.22888215e-01	1.04444601e-01	1.32760093e-01	1.44062862e-01	-1.13738373e-01	5.22256568e-02	1.82935953e-01	1.36708528e-01	-1.96481988e-01	4.22000885e-05	1.88305303e-01	1.01914972e-01	1.90282002e-01	-1.48513004e-01	
-1.45285562e-01	-5.76104671e-02	-1.52594969e-01	-1.29210517e-01	1.32174835e-01	1.06893592e-01	7.45883659e-02	-1.69915706e-01	-1.48926333e-01	-7.90289417e-02	-1.70213968e-01	-1.96269393e-01	-4.68209498e-02	-1.58982798e-01	1.46200240e-01	-1.17812730e-01	-5.29567748e-02	-1.06241845e-01	1.78324133e-01	-1.19302705e-01	7.90697113e-02	-1.89865395e-01	-6.37520757e-03	8.72815121e-03	7.23264664e-02	
-5.48551790e-02	5.10338843e-01	-8.56477842e-02	-3.81825477e-01	-6.72806561e-01	1.60350919e-01	5.91324449e-01	1.74373820e-01	-1.46674991e-01	-9.00127739e-02	-9.93010253e-02	9.71813500e-02	8.99033099e-02	-8.02618042e-02	-1.13741779e+00	1.35563254e-01	6.73933387e-01	1.22499233e-02	-1.99124694e-01	-6.15783967e-03	1.35299280e-01	1.08909152e-01	1.97812527e-01	-4.70629126e-01	4.61821929e-02	
-9.98627767e-03	2.17264637e-01	-1.60548478e-01	9.39437896e-02	-7.57091880e-01	-6.41470328e-02	-1.12805022e-02	1.69080094e-01	-1.33651242e-01	-2.37119004e-01	3.69911245e-03	-9.39306170e-02	5.79586998e-02	-8.78901705e-02	-1.34054214e-01	1.77160457e-01	3.88103217e-01	-8.08311924e-02	-8.86233822e-02	2.13988870e-02	-1.86965212e-01	-1.96808368e-01	3.07302952e-01	-4.14351001e-02	3.23766500e-01	
5.30823469e-02	-7.41721392e-02	1.67376444e-01	1.66345954e-01	3.18171531e-02	-6.40107617e-02	8.36811811e-02	8.78784433e-02	-9.25868079e-02	1.77877039e-01	-1.83207523e-02	3.23091298e-02	1.97553471e-01	-1.53098613e-01	6.17351793e-02	-1.30423501e-01	1.76019713e-01	-1.62424192e-01	-1.52035832e-01	-1.08358949e-01	2.19678488e-02	1.25693589e-01	-5.87325096e-02	7.41927177e-02	6.63478151e-02	
-7.52765462e-02	1.41988933e-01	-5.69923818e-02	1.79170772e-01	-4.84331511e-03	1.62066240e-02	-1.03436045e-01	4.81541418e-02	3.21798809e-02	-1.53558001e-01	-7.37039372e-02	7.85433501e-02	1.04161955e-01	-1.65352672e-01	-3.42743732e-02	-9.02506858e-02	-8.36546794e-02	-1.09308220e-01	-1.62794381e-01	5.14487438e-02	-2.35659238e-02	-1.74248561e-01	-3.90888713e-02	1.46766022e-01	3.09504531e-02	
-6.67047262e-01	1.99875489e-01	3.82680655e-01	1.19619228e-01	3.19278568e-01	1.19951236e+00	-5.93648702e-02	-4.43805717e-02	8.81027952e-02	3.32769275e-01	-1.48684025e-01	-6.95069134e-01	1.78252757e-01	-1.12877585e-01	-3.97485942e-02	-3.13054681e-01	3.28811780e-02	5.19360118e-02	2.30464175e-01	5.05254120e-02	2.60265201e-01	-1.27411962e-01	-2.00158551e-01	-5.72275460e-01	3.74533117e-01	
1.40744761e-01	-3.92633937e-02	-1.22673370e-01	-7.84814879e-02	-2.43798029e-02	-6.91795349e-02	7.29454756e-02	1.61243796e-01	-6.87938705e-02	6.75982013e-02	-1.63608313e-01	-1.61286280e-01	3.93328676e-03	5.17669432e-02	-2.75830273e-02	9.38241705e-02	-8.69173333e-02	-7.18549713e-02	1.49905562e-01	-1.20535113e-01	3.20526846e-02	1.33256197e-01	7.27870455e-03	1.70909792e-01	-1.61908537e-01	
-7.76628733e-01	-7.85835460e-02	3.07983577e-01	2.19204426e-02	2.50573367e-01	9.11999226e-01	-7.80622140e-02	1.53103143e-01	3.05752546e-01	4.07735914e-01	-1.18309073e-01	-4.72989321e-01	-1.58442199e-01	-7.48845488e-02	4.35586236e-02	-6.14066832e-02	-5.74094318e-02	2.29743451e-01	2.44741842e-01	-1.05789036e-01	3.74552429e-01	1.12417668e-01	1.43474787e-01	-4.30888921e-01	5.09353518e-01	
-5.90359747e-01	1.46259824e-02	1.84734881e-01	1.10787153e-02	5.05522564e-02	1.11437666e+00	-1.36464387e-01	-7.35515878e-02	2.57700205e-01	3.65885407e-01	5.19065447e-02	-3.78159732e-01	-1.10783353e-01	-2.89451480e-01	8.01166669e-02	-6.56642988e-02	2.05603942e-01	3.00295353e-01	4.69957516e-02	1.02615431e-02	3.18650901e-01	-7.67709315e-02	4.97474447e-02	-6.56567097e-01	5.00730097e-01	
7.01230764e-01	4.91122186e-01	2.64699131e-01	1.22786976e-01	-9.45502877e-01	9.68370140e-02	-1.01005375e-01	-8.56969878e-02	-9.84089255e-01	-2.76439905e-01	2.05299184e-01	9.82368410e-01	-6.78521842e-02	4.10007417e-01	-4.99313883e-02	-1.31184149e+00	3.37521255e-01	2.31231943e-01	1.32084399e-01	-2.85786152e-01	6.82931989e-02	6.46154210e-02	-1.94515347e-01	1.42056108e-01	1.15391359e-01	
-1.11874700e-01	2.88993508e-01	-2.04717302e+00	-1.74584985e-01	2.32438028e-01	-9.98776138e-01	-1.77140191e-01	-6.47875592e-02	1.71861231e-01	1.11115009e-01	1.35413885e-01	3.87100488e-01	1.53874964e-01	2.83928782e-01	5.23796678e-02	3.86743024e-02	9.83699486e-02	1.12784967e-01	2.09993601e-01	-6.49804994e-02	-2.88298512e+00	1.89908236e-01	-9.79890600e-02	1.63476944e-01	-6.00308895e-01	
1.01112746e-01	-1.74728855e-01	4.61117737e-02	1.32216200e-01	-1.90144069e-02	4.54244129e-02	9.00089964e-02	-9.11176726e-02	-1.04135297e-01	-1.06990032e-01	-9.15174708e-02	7.07441121e-02	-1.85300395e-01	-1.69037342e-01	-8.93950462e-02	1.10336043e-01	-1.23931125e-01	-1.11644462e-01	-1.36148006e-01	-7.37373158e-02	-1.76352739e-01	-3.59422937e-02	2.18012817e-02	-1.38639450e-01	-1.90088674e-01	
-5.30592687e-02	-8.33301619e-02	-5.28800637e-02	-1.43022105e-01	-1.90427944e-01	-6.52073622e-02	1.57490030e-01	1.01822712e-01	6.30058646e-02	-1.51959002e-01	-6.21658340e-02	1.62510484e-01	9.97529086e-03	1.94401860e-01	1.11479722e-01	1.51960194e-01	4.52276133e-02	-8.81363079e-02	-1.64759666e-01	-7.10233599e-02	-7.67913135e-03	7.30588427e-03	1.94578171e-02	-1.24589212e-01	1.36391029e-01	
-3.66407111e-02	4.75874871e-01	-1.88261616e+00	1.49869725e-01	8.74686390e-02	-4.38865751e-01	-6.49555475e-02	3.13545838e-02	-7.27904215e-02	2.89375242e-02	1.04261726e-01	3.19844365e-01	-1.89872421e-02	5.70257962e-01	-1.84458300e-01	-2.54497719e+00	3.62821072e-01	2.59359330e-02	1.76739767e-01	-3.94324005e-01	-2.89831543e+00	6.93738461e-02	7.53792301e-02	-1.06887412e+00	-5.40612638e-01	
5.10065556e-01	4.32785213e-01	1.25470161e+00	-7.83726200e-02	-1.88379133e+00	-1.49470657e-01	1.26561910e-01	-1.08290195e-01	-9.49588418e-01	-3.79409850e-01	1.43561095e-01	2.37031639e-01	1.50451645e-01	-7.53533125e-01	-2.02495188e-01	-5.35726994e-02	3.09324175e-01	2.62917399e-01	-1.22119181e-01	-2.24865675e-01	8.70502591e-01	1.89037904e-01	-3.14113721e-02	9.09020960e-01	2.39767700e-01	
-1.36802197e-01	8.64866525e-02	3.09567456e-03	9.83157381e-02	-9.36410204e-02	6.84485659e-02	4.72963341e-02	-1.10140443e-01	1.70235515e-01	-1.84749708e-01	2.54106056e-02	-4.43142168e-02	8.02528858e-03	-9.89164114e-02	1.70844823e-01	5.36209345e-02	-7.81456456e-02	-1.99938044e-01	-1.87994555e-01	1.92974254e-01	-1.68395624e-01	1.79170400e-01	1.63561866e-01	-9.55179259e-02	-1.80083796e-01	
-1.24216415e-01	1.37815446e-01	1.62451752e-02	-1.44175217e-01	-1.22227795e-01	1.88570663e-01	-4.29484844e-02	1.01495840e-01	1.60006240e-01	-2.10530847e-01	1.99303478e-01	-1.49593931e-02	1.99590325e-01	-1.81473956e-01	-9.54451561e-02	8.63874704e-02	1.17671117e-01	-1.79063261e-01	1.83809981e-01	4.29082625e-02	1.23362783e-02	-1.11595564e-01	-1.71811610e-01	-9.83318090e-02	7.74096251e-02	
-5.52648485e-01	6.75219968e-02	6.07874334e-01	1.42085478e-01	1.36854649e-01	2.63718343e+00	-1.77898079e-01	-8.90771374e-02	7.89623782e-02	1.44027442e-01	6.26620650e-02	-1.02848661e+00	7.65738338e-02	-1.01163995e+00	-1.18085474e-01	1.04500353e+00	-3.17236841e-01	1.17808901e-01	-1.92955628e-01	2.16353595e-01	5.21830082e-01	-3.82822119e-02	1.88508436e-01	4.00847971e-01	6.06960177e-01	
-5.80259383e-01	1.07219614e-01	2.94357240e-01	9.74071994e-02	3.80059242e-01	1.15697682e+00	-7.28232041e-02	1.72393844e-01	3.31420302e-02	3.90610784e-01	-1.14840046e-01	-5.99737644e-01	-9.65834111e-02	-1.23643525e-01	-1.74927294e-01	-1.06731527e-01	3.83620672e-02	3.35473478e-01	8.45541060e-03	-1.62199046e-02	2.38404915e-01	2.22745165e-02	2.93751266e-02	-7.20025897e-01	3.41122240e-01	
1.57035619e-01	1.21833138e-01	-1.30314142e-01	-1.65854856e-01	7.81307146e-02	-1.61060408e-01	-1.93234727e-01	3.50574516e-02	-1.61829650e-01	-4.82479408e-02	1.21449105e-01	6.94007054e-02	1.73820570e-01	1.01570942e-01	-1.42165661e-01	3.95610109e-02	-1.36188656e-01	-7.53834918e-02	-1.67530134e-01	7.83610791e-02	-5.68843149e-02	-6.25385568e-02	-5.06945141e-02	-2.77575254e-02	-4.64904308e-02	
4.98966396e-01	4.22255993e-01	5.45085251e-01	1.87417075e-01	-1.34641862e+00	-5.24881994e-03	7.85853267e-02	-2.98319105e-02	-1.19554281e+00	-5.05746566e-02	-1.87021226e-01	5.83471239e-01	-8.51526409e-02	1.23596869e-01	7.54932612e-02	-8.71560454e-01	1.55876130e-01	2.79279202e-01	-3.82865896e-03	-4.12394285e-01	5.34874022e-01	1.13946674e-02	-6.38793334e-02	2.97240198e-01	3.95963907e-01	
-6.91578388e-01	1.36639088e-01	4.32168335e-01	4.77160923e-02	1.54147521e-01	9.19307053e-01	1.91264182e-01	-8.82848054e-02	3.08330178e-01	1.79225802e-01	1.91102430e-01	-4.66972828e-01	3.84041704e-02	-1.38236403e-01	2.12125018e-01	-4.02656704e-01	1.60489410e-01	1.90434903e-01	1.43107608e-01	-1.83024351e-02	1.30988196e-01	6.93534389e-02	-1.38650641e-01	-7.80648708e-01	5.29636741e-01	
1.07696187e+00	4.15744364e-01	-2.09129643e+00	1.68583393e-02	7.24562705e-02	-1.00478709e+00	1.01518519e-01	-1.99260116e-01	1.83437273e-01	3.26976359e-01	-1.80230752e-01	2.22434089e-01	1.86607793e-01	2.27471799e-01	1.33022949e-01	-1.39614129e+00	2.32812867e-01	5.31417169e-02	3.24900389e-01	-1.69627041e-01	-2.74863768e+00	2.55407132e-02	-9.64433700e-02	-3.81557912e-01	-3.34121853e-01	
-7.19099820e-01	6.25398904e-02	3.63800079e-01	-4.99370098e-02	3.24696779e-01	1.04595923e+00	-3.25171314e-02	1.96628764e-01	-1.65735483e-02	3.90736014e-01	-8.44515339e-02	-7.64572918e-01	6.45732433e-02	-1.72838733e-01	-1.82217121e-01	-1.00371003e-01	1.13132887e-01	2.35335752e-01	2.35548709e-02	2.32711777e-01	3.04082751e-01	-1.40949979e-01	-4.83161993e-02	-5.12569308e-01	2.59198934e-01	
-5.25465496e-02	-1.28014684e-01	6.48360280e-03	1.47465348e-01	-9.62380171e-02	-7.82385841e-02	-8.45992789e-02	-1.81025177e-01	-1.17882207e-01	1.93729877e-01	8.66069831e-03	7.86283761e-02	-8.28663111e-02	-4.76583503e-02	-1.81415945e-01	-2.58283857e-02	-1.89661175e-01	-4.45099138e-02	-1.75264835e-01	-1.72269821e-01	1.41142398e-01	1.30610734e-01	9.72139165e-02	-1.17673613e-01	-5.80680631e-02	
-7.31582999e-01	5.42072356e-01	1.92945376e-01	-1.51568323e-01	-2.43332088e-01	-3.46880007e+00	5.29087000e-02	9.18488055e-02	-3.84536952e-01	5.01149058e-01	-1.83512971e-01	-3.75926107e-01	-9.36348736e-02	5.04749894e-01	-1.73857152e-01	-9.58122730e-01	3.61734509e-01	5.10349512e-01	2.68845171e-01	-2.80337930e-01	3.73645902e-01	1.68298051e-01	-6.79618632e-03	-1.13552284e+00	2.09249169e-01	
-8.04343164e-01	4.58261780e-02	3.44484270e-01	1.43823341e-01	2.70100445e-01	1.00661850e+00	2.16069855e-02	1.06091976e-01	3.40213925e-01	2.34522209e-01	9.45940763e-02	-5.15952289e-01	1.25945449e-01	-1.58260956e-01	2.18519345e-02	-7.15838894e-02	7.55760446e-02	3.83225918e-01	-5.22094667e-02	2.03003526e-01	2.37670839e-01	5.48856275e-04	8.04596022e-02	-5.29530287e-01	5.42642474e-01	
-5.58621287e-01	1.08767681e-01	3.00291419e-01	7.11762905e-02	-9.23151895e-03	2.58453250e+00	-6.20244183e-02	1.50893196e-01	1.60875335e-01	2.06228003e-01	-1.84743945e-02	-9.26765203e-01	-4.32183743e-02	-1.05741155e+00	-6.17919452e-02	1.14637339e+00	-1.34031609e-01	5.95896021e-02	-2.47173876e-01	4.76839781e-01	3.35814893e-01	-1.73686847e-01	1.69370174e-01	1.90308407e-01	6.58786714e-01	
-1.61360666e-01	-1.38331847e-02	4.27338988e-01	-2.03276165e-02	3.79028887e-01	2.90530711e-01	-1.45951974e+00	-6.76238894e-01	-1.04936242e-01	-2.01426856e-02	-1.59661734e+00	-1.63850725e+00	1.20378070e-01	1.42000690e-01	7.91058719e-01	5.51157236e-01	1.13481194e-01	-1.23076057e+00	2.86403477e-01	-1.12772560e+00	3.53469074e-01	-1.37237906e-01	7.85948396e-01	2.93115348e-01	1.10251617e+00	
3.98206618e-03	
8.71786654e-01	
-1.20714068e-01	
1.79323763e-01	
1.90349624e-01	
7.95044422e-01	
1.04607463e+00	
3.33297640e-01	
1.63748771e-01	
-2.03246370e-01	
-3.20216835e-01	
9.96059358e-01	
-1.99126318e-01	
9.05411243e-02	
-3.53691339e-01	
-5.84153056e-01	
9.47999179e-01	
-6.53101087e-01	
-6.21638954e-01	
-1.41426265e-01	
-3.04199606e-01	
-2.07141221e-01	
6.27720594e-01	
-9.29905295e-01	
7.24469125e-01	
-2.51126233e-02	
-1.50599375e-01	
2.59016484e-01	
-1.78424746e-01	
1.33626610e-01	
2.30322242e-01	
6.68734759e-02	
1.34676844e-01	
2.16749221e-01	
3.35153997e-01	
-1.54102609e-01	
1.98075831e-01	
6.28962666e-02	
-4.50808942e-01	
-1.27365990e-02	
4.33042169e-01	
-2.34630972e-01	
3.20889503e-01	
-2.62093991e-01	
3.23002130e-01	
4.26515758e-01	
-1.65599138e-02	
1.09047331e-01	
4.26426053e-01	
4.48928118e-01	
-1.83044121e-01	
1.16556719e-01	
2.40298018e-01	
-1.44998819e-01	
2.01041818e-01	
2.14326605e-02	
-1.66638624e-02	
-2.09069729e-01	
-1.72293767e-01	
-1.76287871e-02	
-1.29321158e-01	
-1.34375528e-01	
7.72591382e-02	
-2.00358361e-01	
2.73373783e-01	
8.46889541e-02	
2.10224241e-02	
-2.74146825e-01	
1.23886824e-01	
-9.29351375e-02	
2.15602562e-01	
5.58514372e-02	
4.48047459e-01	
8.63904059e-02	
2.21896634e-01	
3.69927846e-03	
