6.48984984e-02	-6.53142810e-01	
-4.10106145e-02	-5.44372976e-01	
-2.77545676e-02	-3.99391651e-01	
-5.59221245e-02	-1.74300820e-02	
4.83107641e-02	5.31469643e-01	
-5.23475289e-01	-1.75096467e-01	
-1.02194458e-01	5.71616292e-01	
2.03402266e-01	-9.05540809e-02	
1.78866342e-01	-2.82392621e-01	
-1.59729466e-01	-7.95832649e-02	
6.58398047e-02	-3.42061259e-02	-1.58401996e-01	-1.56480536e-01	4.16979045e-02	3.23609710e-01	2.78334767e-01	1.88008770e-01	-8.19601715e-02	3.04113895e-01	
3.62307847e-01	-1.29724234e-01	-1.30056441e-01	-1.31961495e-01	1.37585968e-01	-1.23936176e-01	-3.26291285e-02	2.59868745e-02	-1.16413921e-01	1.86098665e-01	
-1.22978508e-01	1.43571898e-01	4.05851239e-03	2.83724248e-01	9.59817618e-02	-1.28421307e-01	-1.21501960e-01	4.00362164e-03	-2.72045463e-01	-3.92389707e-02	
-1.54450849e-01	1.49467945e-01	5.85764721e-02	2.73366034e-01	7.96464309e-02	9.45464969e-02	-7.58997798e-02	1.54103264e-01	-1.75911356e-02	3.33331898e-02	
-2.88663596e-01	9.42618027e-02	2.53410488e-01	2.07081899e-01	-7.68673345e-02	1.59238160e-01	-1.36682749e-01	1.40387520e-01	2.16352269e-01	-1.59735888e-01	
1.28715718e-03	-4.00358677e-01	1.59811944e-01	1.83444768e-01	1.76148698e-01	1.32925257e-01	-6.97363764e-02	6.68556839e-02	1.93626180e-01	2.96016395e-01	
-2.21726209e-01	3.05200517e-01	1.84721529e-01	5.32232523e-02	1.95793763e-01	-2.31947992e-02	-5.07386327e-02	-3.06705773e-01	-6.12983741e-02	2.97421366e-01	
1.24144705e-03	-1.25327945e-01	2.42383450e-01	-1.94735885e-01	1.69899151e-01	-1.56624764e-01	-8.42680633e-02	-2.85642058e-01	1.78950951e-01	1.28516495e-01	
5.40437177e-02	-1.73480958e-02	-1.22271411e-01	1.96359962e-01	1.48558006e-01	3.83847475e-01	-4.20048535e-02	-8.37066695e-02	9.57037210e-02	4.67099529e-03	
1.36912137e-01	-4.93424386e-03	1.98894031e-02	1.03797071e-01	1.63508188e-02	1.75268129e-01	5.77437505e-02	3.61889780e-01	-4.09280993e-02	-1.86928540e-01	
1.17918372e-03	-2.35632081e-02	6.39286563e-02	-7.62481242e-02	-2.51602143e-01	-7.59709179e-02	-2.75651347e-02	1.01272665e-01	3.67715227e-04	6.84245154e-02	
2.01685637e-01	
1.29131705e-01	
-5.14045417e-01	
-3.54748845e-01	
-4.82995093e-01	
-2.21622601e-01	
-8.19344580e-01	
4.63771671e-01	
2.10262716e-01	
-4.71454918e-01	
2.40719050e-01	
3.13424438e-01	
3.60260367e-01	
6.85552135e-02	
-2.53458321e-01	
-2.58798003e-01	
-2.03231081e-01	
-2.57452011e-01	
-1.37386307e-01	
1.63926542e-01	
3.73669446e-01	
