MIN 0: RCval = 9.9992e-01
MIN 1: RCval = 8.0669e-01
MIN 2: RCval = 7.9940e-01
MIN 3: RCval = 2.0187e-04
BETA = 9.00
NEXIT = 10000
Milestones:
1.0000e-03
5.3526e-02
1.0605e-01
1.5858e-01
2.1111e-01
2.6363e-01
3.1616e-01
3.6868e-01
4.2121e-01
4.7374e-01
5.2626e-01
5.7879e-01
6.3132e-01
6.8384e-01
7.3637e-01
7.8889e-01
8.4142e-01
8.9395e-01
9.4647e-01
9.9900e-01
Run 0: from min 3 to min 0
0	3.0283e+01
1	9.9480e-03
2	6.6120e-01
3	7.5081e-01
4	7.4946e-01
5	7.9891e-01
6	8.3640e-01
7	8.5244e-01
8	8.3181e-01
9	8.4232e-01
10	8.5230e-01
11	8.6738e-01
12	8.5749e-01
13	8.6007e-01
14	8.6371e-01
15	8.6237e-01
16	9.3800e-01
17	9.4393e-01
18	9.4832e-01
19	9.3127e-01
Escape_rate = 1.4204e-02
CPU time = 8199.71
Run 1: from min 3 to min 0
0	6.6936e+01
1	7.4619e-03
2	6.3448e-01
3	7.2051e-01
4	7.0338e-01
5	7.6711e-01
6	8.0451e-01
7	8.1321e-01
8	7.9283e-01
9	7.9745e-01
10	8.1427e-01
11	8.2823e-01
12	8.1719e-01
13	8.0652e-01
14	8.0847e-01
15	8.0064e-01
16	9.3275e-01
17	9.3879e-01
18	9.4976e-01
19	9.3633e-01
Escape_rate = 1.1417e-02
CPU time = 8204.2
Run 2: from min 3 to min 0
0	3.2580e+01
1	8.4446e-03
2	6.3589e-01
3	7.2312e-01
4	7.1164e-01
5	7.6283e-01
6	8.0341e-01
7	8.1686e-01
8	7.9020e-01
9	8.0173e-01
10	8.2169e-01
11	8.2021e-01
12	8.1321e-01
13	7.9542e-01
14	7.9321e-01
15	7.7441e-01
16	9.2387e-01
17	9.4411e-01
18	9.5093e-01
19	9.2937e-01
Escape_rate = 5.8943e-03
CPU time = 8305.28
Run 3: from min 3 to min 0
0	5.0584e+01
1	8.6260e-03
2	6.6388e-01
3	7.4234e-01
4	7.3014e-01
5	7.8647e-01
6	8.1110e-01
7	8.2244e-01
8	7.9981e-01
9	7.9872e-01
10	8.1526e-01
11	8.1927e-01
12	8.0218e-01
13	7.8058e-01
14	7.6057e-01
15	7.3335e-01
16	9.1600e-01
17	9.4679e-01
18	9.5302e-01
19	9.2756e-01
Escape_rate = 9.4106e-03
CPU time = 8225.27
Run 4: from min 3 to min 0
0	5.0811e+01
1	8.9696e-03
2	6.6876e-01
3	7.3627e-01
4	7.2717e-01
5	7.8401e-01
6	8.0743e-01
7	8.2570e-01
8	7.9390e-01
9	8.0528e-01
10	8.2393e-01
11	8.3063e-01
12	8.1860e-01
13	8.0613e-01
14	8.0749e-01
15	7.9840e-01
16	9.3110e-01
17	9.4545e-01
18	9.5274e-01
19	9.2730e-01
Escape_rate = 1.2348e-02
CPU time = 8149.99
Run 5: from min 3 to min 0
0	6.9365e+01
1	8.2496e-03
2	6.4441e-01
3	7.2659e-01
4	7.1798e-01
5	7.7712e-01
6	8.1037e-01
7	8.2727e-01
8	8.0283e-01
9	8.0730e-01
10	8.3465e-01
11	8.4154e-01
12	8.3773e-01
13	8.2169e-01
14	8.2686e-01
15	8.2761e-01
16	9.3249e-01
17	9.4011e-01
18	9.5566e-01
19	9.2782e-01
Escape_rate = 1.6705e-02
CPU time = 7770.65
Run 6: from min 3 to min 0
0	9.1073e+01
1	7.6971e-03
2	6.2301e-01
3	7.1454e-01
4	6.9930e-01
5	7.6017e-01
6	8.0128e-01
7	8.1070e-01
8	7.9183e-01
9	7.9359e-01
10	8.2034e-01
11	8.1947e-01
12	8.1860e-01
13	8.0717e-01
14	8.0926e-01
15	8.1520e-01
16	9.3510e-01
17	9.3932e-01
18	9.5566e-01
19	9.3275e-01
Escape_rate = 1.5536e-02
CPU time = 7676.83
Run 7: from min 3 to min 0
0	5.8640e+01
1	9.2390e-03
2	6.4754e-01
3	7.2627e-01
4	7.0131e-01
5	7.5546e-01
6	7.9064e-01
7	8.0341e-01
8	7.8021e-01
9	7.7310e-01
10	7.8604e-01
11	7.9189e-01
12	7.6634e-01
13	7.5284e-01
14	7.4951e-01
15	7.3459e-01
16	9.1794e-01
17	9.4679e-01
18	9.5302e-01
19	9.3406e-01
Escape_rate = 7.9117e-03
CPU time = 7594.1
Run 8: from min 3 to min 0
0	4.8466e+01
1	9.2325e-03
2	6.9556e-01
3	7.5924e-01
4	7.6394e-01
5	8.1420e-01
6	8.4027e-01
7	8.4983e-01
8	8.2332e-01
9	8.3361e-01
10	8.5208e-01
11	8.6588e-01
12	8.5404e-01
13	8.4746e-01
14	8.4438e-01
15	8.4331e-01
16	9.4554e-01
17	9.4197e-01
18	9.5075e-01
19	9.3171e-01
Escape_rate = 2.1611e-02
CPU time = 7536.95
Run 9: from min 3 to min 0
0	4.6334e+01
1	8.4509e-03
2	6.2810e-01
3	7.1413e-01
4	7.0175e-01
5	7.6051e-01
6	7.9529e-01
7	8.1520e-01
8	7.8858e-01
9	7.9542e-01
10	8.0769e-01
11	8.2549e-01
12	8.1044e-01
13	7.9472e-01
14	8.1037e-01
15	8.1440e-01
16	9.3589e-01
17	9.4029e-01
18	9.5265e-01
19	9.3136e-01
Escape_rate = 8.4349e-03
CPU time = 8027.09
Escape rate vector:
1.4204e-02
1.1417e-02
5.8943e-03
9.4106e-03
1.2348e-02
1.6705e-02
1.5536e-02
7.9117e-03
2.1611e-02
8.4349e-03
Mean escape rate = 1.2347e-02
Standard deviation = 4.7671e-03
