MIN 0: RCval = 6.6592e-04
MIN 1: RCval = 3.1544e-01
MIN 2: RCval = 3.2292e-01
MIN 3: RCval = 9.9993e-01
BETA = 7.00
NEXIT = 10000
Milestones:
1.0000e-03
5.3526e-02
1.0605e-01
1.5858e-01
2.1111e-01
2.6363e-01
3.1616e-01
3.6868e-01
4.2121e-01
4.7374e-01
5.2626e-01
5.7879e-01
6.3132e-01
6.8384e-01
7.3637e-01
7.8889e-01
8.4142e-01
8.9395e-01
9.4647e-01
9.9900e-01
Run 0: from min 0 to min 3
0	1.6827e+02
1	2.8537e-04
2	5.1501e-01
3	6.7317e-01
4	6.8771e-01
5	6.9319e-01
6	7.0887e-01
7	8.0972e-01
8	8.8246e-01
9	9.1516e-01
10	9.2447e-01
11	9.1516e-01
12	9.2234e-01
13	9.2047e-01
14	9.1794e-01
15	9.1416e-01
16	9.1333e-01
17	9.0236e-01
18	8.6775e-01
19	7.2574e-01
Escape_rate = 1.1508e-03
CPU time = 9895.85
Run 1: from min 0 to min 3
0	2.1730e+02
1	2.6926e-04
2	5.1832e-01
3	6.7723e-01
4	6.9242e-01
5	7.0004e-01
6	7.1999e-01
7	8.1387e-01
8	8.8456e-01
9	9.1466e-01
10	9.2439e-01
11	9.1743e-01
12	9.2217e-01
13	9.2618e-01
14	9.1634e-01
15	9.1408e-01
16	9.1149e-01
17	9.0424e-01
18	8.6957e-01
19	7.2422e-01
Escape_rate = 1.4863e-03
CPU time = 9050.53
Run 2: from min 0 to min 3
0	2.2255e+02
1	2.9146e-04
2	5.1135e-01
3	6.7824e-01
4	6.8432e-01
5	6.9032e-01
6	7.1276e-01
7	8.0945e-01
8	8.8324e-01
9	9.1567e-01
10	9.2302e-01
11	9.2013e-01
12	9.2259e-01
13	9.2490e-01
14	9.1962e-01
15	9.1433e-01
16	9.0975e-01
17	9.0318e-01
18	8.6806e-01
19	7.2443e-01
Escape_rate = 1.5614e-03
CPU time = 8724.64
Run 3: from min 0 to min 3
0	2.1951e+02
1	2.9817e-04
2	5.0997e-01
3	6.7308e-01
4	6.8217e-01
5	6.9556e-01
6	7.0023e-01
7	8.0528e-01
8	8.7920e-01
9	9.1651e-01
10	9.2928e-01
11	9.1912e-01
12	9.2234e-01
13	9.2507e-01
14	9.2259e-01
15	9.1558e-01
16	9.1174e-01
17	9.0555e-01
18	8.6505e-01
19	7.2464e-01
Escape_rate = 1.5432e-03
CPU time = 8701.79
Run 4: from min 0 to min 3
0	2.1209e+02
1	2.8865e-04
2	5.2010e-01
3	6.7636e-01
4	6.8951e-01
5	6.9382e-01
6	7.1659e-01
7	8.1162e-01
8	8.8386e-01
9	9.1870e-01
10	9.1971e-01
11	9.1903e-01
12	9.1971e-01
13	9.2430e-01
14	9.2022e-01
15	9.1208e-01
16	9.1266e-01
17	9.0416e-01
18	8.6768e-01
19	7.2674e-01
Escape_rate = 1.5268e-03
CPU time = 8474.4
Run 5: from min 0 to min 3
0	2.2178e+02
1	2.9672e-04
2	5.1414e-01
3	6.7549e-01
4	6.9459e-01
5	6.9716e-01
6	7.1475e-01
7	8.1380e-01
8	8.8905e-01
9	9.1903e-01
10	9.1844e-01
11	9.1542e-01
12	9.2217e-01
13	9.2217e-01
14	9.2242e-01
15	9.1836e-01
16	9.0926e-01
17	9.0367e-01
18	8.6445e-01
19	7.1782e-01
Escape_rate = 1.6242e-03
CPU time = 8151.05
Run 6: from min 0 to min 3
0	2.1136e+02
1	2.7727e-04
2	5.1146e-01
3	6.6631e-01
4	6.9507e-01
5	6.9271e-01
6	7.0691e-01
7	7.9911e-01
8	8.8386e-01
9	9.1895e-01
10	9.2191e-01
11	9.2157e-01
12	9.2285e-01
13	9.1878e-01
14	9.1819e-01
15	9.1861e-01
16	9.1174e-01
17	9.0802e-01
18	8.6408e-01
19	7.3255e-01
Escape_rate = 1.4048e-03
CPU time = 8112.29
Run 7: from min 0 to min 3
0	1.2461e+02
1	2.8781e-04
2	5.0751e-01
3	6.8446e-01
4	6.8106e-01
5	6.9262e-01
6	7.0607e-01
7	8.1024e-01
8	8.8464e-01
9	9.1283e-01
10	9.2370e-01
11	9.2098e-01
12	9.2157e-01
13	9.2670e-01
14	9.2149e-01
15	9.1912e-01
16	9.1108e-01
17	9.0761e-01
18	8.7951e-01
19	7.3276e-01
Escape_rate = 8.9024e-04
CPU time = 7971.31
Run 8: from min 0 to min 3
0	2.0948e+02
1	2.9152e-04
2	5.1491e-01
3	6.7540e-01
4	6.9430e-01
5	6.9290e-01
6	7.1896e-01
7	8.1506e-01
8	8.8637e-01
9	9.1718e-01
10	9.2610e-01
11	9.2073e-01
12	9.2413e-01
13	9.2567e-01
14	9.2225e-01
15	9.1575e-01
16	9.1508e-01
17	9.1025e-01
18	8.7192e-01
19	7.3185e-01
Escape_rate = 1.5936e-03
CPU time = 7939.84
Run 9: from min 0 to min 3
0	2.0600e+02
1	2.8258e-04
2	5.1409e-01
3	6.7083e-01
4	6.9242e-01
5	6.8937e-01
6	7.2150e-01
7	8.1599e-01
8	8.8160e-01
9	9.1291e-01
10	9.2217e-01
11	9.1399e-01
12	9.2515e-01
13	9.2644e-01
14	9.2047e-01
15	9.1408e-01
16	9.1592e-01
17	9.0457e-01
18	8.6341e-01
19	7.1948e-01
Escape_rate = 1.4204e-03
CPU time = 8851.49
Escape rate vector:
1.1508e-03
1.4863e-03
1.5614e-03
1.5432e-03
1.5268e-03
1.6242e-03
1.4048e-03
8.9024e-04
1.5936e-03
1.4204e-03
Mean escape rate = 1.4202e-03
Standard deviation = 2.3001e-04
