MIN 0: RCval = 9.9933e-01
MIN 1: RCval = 6.8456e-01
MIN 2: RCval = 6.7708e-01
MIN 3: RCval = 7.1510e-05
BETA = 7.00
NEXIT = 10000
Milestones:
1.0000e-03
5.3526e-02
1.0605e-01
1.5858e-01
2.1111e-01
2.6363e-01
3.1616e-01
3.6868e-01
4.2121e-01
4.7374e-01
5.2626e-01
5.7879e-01
6.3132e-01
6.8384e-01
7.3637e-01
7.8889e-01
8.4142e-01
8.9395e-01
9.4647e-01
9.9900e-01
Run 0: from min 3 to min 0
0	7.0884e+01
1	3.0645e-02
2	5.1206e-01
3	6.5415e-01
4	7.0413e-01
5	7.4316e-01
6	7.7220e-01
7	7.9758e-01
8	7.8808e-01
9	7.8592e-01
10	7.9719e-01
11	8.0652e-01
12	8.0289e-01
13	8.9358e-01
14	9.5211e-01
15	9.2541e-01
16	9.3642e-01
17	9.5084e-01
18	9.4304e-01
19	9.2166e-01
Escape_rate = 4.5682e-02
CPU time = 4680.45
Run 1: from min 3 to min 0
0	9.3026e+01
1	2.8089e-02
2	5.0643e-01
3	6.4495e-01
4	7.0522e-01
5	7.4107e-01
6	7.7924e-01
7	7.9352e-01
8	7.9095e-01
9	7.8518e-01
10	7.8278e-01
11	7.8021e-01
12	7.7310e-01
13	8.6798e-01
14	9.4322e-01
15	9.2721e-01
16	9.3240e-01
17	9.5229e-01
18	9.4643e-01
19	9.1726e-01
Escape_rate = 4.7323e-02
CPU time = 4223.56
Run 2: from min 3 to min 0
0	9.4651e+01
1	2.8132e-02
2	5.0469e-01
3	6.3739e-01
4	6.8050e-01
5	7.1561e-01
6	7.4906e-01
7	7.6289e-01
8	7.4660e-01
9	7.4621e-01
10	7.5620e-01
11	7.3828e-01
12	7.3986e-01
13	8.5048e-01
14	9.4180e-01
15	9.3075e-01
16	9.3318e-01
17	9.5238e-01
18	9.4065e-01
19	9.2090e-01
Escape_rate = 3.1484e-02
CPU time = 4129.24
Run 3: from min 3 to min 0
0	1.1484e+02
1	2.7827e-02
2	4.9225e-01
3	6.3403e-01
4	6.8078e-01
5	7.1963e-01
6	7.5489e-01
7	7.6196e-01
8	7.4223e-01
9	7.4289e-01
10	7.6040e-01
11	7.4979e-01
12	7.4655e-01
13	8.5866e-01
14	9.4634e-01
15	9.2790e-01
16	9.3292e-01
17	9.4877e-01
18	9.4340e-01
19	9.2073e-01
Escape_rate = 3.8236e-02
CPU time = 3969.19
Run 4: from min 3 to min 0
0	9.6067e+01
1	2.9356e-02
2	5.1298e-01
3	6.5785e-01
4	7.0527e-01
5	7.3632e-01
6	7.6132e-01
7	7.7616e-01
8	7.7773e-01
9	7.8302e-01
10	7.9014e-01
11	8.0231e-01
12	7.9189e-01
13	8.7835e-01
14	9.4796e-01
15	9.2524e-01
16	9.3162e-01
17	9.5057e-01
18	9.4581e-01
19	9.1718e-01
Escape_rate = 5.2838e-02
CPU time = 3907.42
Run 5: from min 3 to min 0
0	1.0727e+02
1	2.8366e-02
2	5.0320e-01
3	6.4094e-01
4	6.8956e-01
5	7.2432e-01
6	7.5177e-01
7	7.6711e-01
8	7.5660e-01
9	7.5455e-01
10	7.6823e-01
11	7.7310e-01
12	7.6888e-01
13	8.6768e-01
14	9.4438e-01
15	9.2635e-01
16	9.2773e-01
17	9.4841e-01
18	9.4429e-01
19	9.2413e-01
Escape_rate = 4.2949e-02
CPU time = 3905.33
Run 6: from min 3 to min 0
0	1.2828e+02
1	2.8555e-02
2	5.0340e-01
3	6.3448e-01
4	6.8757e-01
5	7.1301e-01
6	7.4789e-01
7	7.6717e-01
8	7.4399e-01
9	7.4912e-01
10	7.6717e-01
11	7.5081e-01
12	7.5971e-01
13	8.6911e-01
14	9.4796e-01
15	9.2473e-01
16	9.3519e-01
17	9.4787e-01
18	9.4322e-01
19	9.1988e-01
Escape_rate = 4.7028e-02
CPU time = 3944.86
Run 7: from min 3 to min 0
0	6.8165e+01
1	2.9217e-02
2	5.1819e-01
3	6.7422e-01
4	7.2438e-01
5	7.6499e-01
6	7.9472e-01
7	8.0775e-01
8	8.0334e-01
9	8.2001e-01
10	8.3271e-01
11	8.4674e-01
12	8.3682e-01
13	9.1158e-01
14	9.4913e-01
15	9.2678e-01
16	9.3171e-01
17	9.4913e-01
18	9.3835e-01
19	9.2730e-01
Escape_rate = 5.9357e-02
CPU time = 3902.48
Run 8: from min 3 to min 0
0	1.1452e+02
1	2.8276e-02
2	5.0206e-01
3	6.3048e-01
4	6.8479e-01
5	7.1444e-01
6	7.4416e-01
7	7.5335e-01
8	7.4627e-01
9	7.4156e-01
10	7.5878e-01
11	7.5712e-01
12	7.6371e-01
13	8.7359e-01
14	9.4153e-01
15	9.3119e-01
16	9.3467e-01
17	9.4949e-01
18	9.4109e-01
19	9.1886e-01
Escape_rate = 4.0121e-02
CPU time = 4023.08
Run 9: from min 3 to min 0
0	7.5884e+01
1	2.8305e-02
2	4.9933e-01
3	6.3243e-01
4	6.8634e-01
5	7.0982e-01
6	7.4856e-01
7	7.6266e-01
8	7.5489e-01
9	7.5013e-01
10	7.6453e-01
11	7.8064e-01
12	7.6121e-01
13	8.4374e-01
14	9.4402e-01
15	9.2396e-01
16	9.3284e-01
17	9.5502e-01
18	9.4224e-01
19	9.2081e-01
Escape_rate = 2.7607e-02
CPU time = 3951.99
Escape rate vector:
4.5682e-02
4.7323e-02
3.1484e-02
3.8236e-02
5.2838e-02
4.2949e-02
4.7028e-02
5.9357e-02
4.0121e-02
2.7607e-02
Mean escape rate = 4.3263e-02
Standard deviation = 9.4652e-03
