MIN 0: RCval = 7.9695e-05
MIN 1: RCval = 1.9331e-01
MIN 2: RCval = 2.0060e-01
MIN 3: RCval = 9.9980e-01
BETA = 9.00
NEXIT = 10000
Milestones:
1.0000e-03
5.3526e-02
1.0605e-01
1.5858e-01
2.1111e-01
2.6363e-01
3.1616e-01
3.6868e-01
4.2121e-01
4.7374e-01
5.2626e-01
5.7879e-01
6.3132e-01
6.8384e-01
7.3637e-01
7.8889e-01
8.4142e-01
8.9395e-01
9.4647e-01
9.9900e-01
Run 0: from min 0 to min 3
0	2.6543e+00
1	8.3270e-04
2	4.5983e-01
3	5.3240e-01
4	5.5543e-01
5	8.4789e-01
6	8.6155e-01
7	8.8441e-01
8	8.9437e-01
9	9.0654e-01
10	9.1416e-01
11	9.0959e-01
12	9.1391e-01
13	9.2790e-01
14	9.2481e-01
15	9.1567e-01
16	9.0588e-01
17	9.1988e-01
18	9.0179e-01
19	5.8955e-01
Escape_rate = 4.1646e-05
CPU time = 20380.3
Run 1: from min 0 to min 3
0	2.6852e+00
1	8.5302e-04
2	4.5937e-01
3	5.3456e-01
4	5.5081e-01
5	8.5310e-01
6	8.6333e-01
7	8.8660e-01
8	8.9445e-01
9	9.0163e-01
10	9.1133e-01
11	9.1000e-01
12	9.1133e-01
13	9.2945e-01
14	9.2601e-01
15	9.2268e-01
16	9.0090e-01
17	9.1241e-01
18	9.0074e-01
19	5.9577e-01
Escape_rate = 4.3194e-05
CPU time = 20333.2
Run 2: from min 0 to min 3
0	2.7538e+00
1	8.6908e-04
2	4.7008e-01
3	5.4360e-01
4	5.6294e-01
5	8.4703e-01
6	8.6919e-01
7	8.8582e-01
8	8.9582e-01
9	9.0074e-01
10	9.1008e-01
11	9.1424e-01
12	9.1416e-01
13	9.3336e-01
14	9.2799e-01
15	9.1735e-01
16	8.9807e-01
17	9.1634e-01
18	9.0547e-01
19	5.9755e-01
Escape_rate = 4.8750e-05
CPU time = 19089.3
Run 3: from min 0 to min 3
0	2.6293e+00
1	9.0652e-04
2	4.6399e-01
3	5.3645e-01
4	5.5328e-01
5	8.5077e-01
6	8.6274e-01
7	8.7912e-01
8	8.9190e-01
9	9.0843e-01
10	9.0334e-01
11	9.1100e-01
12	9.1291e-01
13	9.2963e-01
14	9.2920e-01
15	9.2022e-01
16	9.0629e-01
17	9.1233e-01
18	9.0342e-01
19	5.9060e-01
Escape_rate = 4.5213e-05
CPU time = 18984.9
Run 4: from min 0 to min 3
0	2.6932e+00
1	8.5494e-04
2	4.5914e-01
3	5.3579e-01
4	5.6860e-01
5	8.5266e-01
6	8.5734e-01
7	8.8308e-01
8	8.9574e-01
9	9.0261e-01
10	9.1133e-01
11	9.1391e-01
12	9.1743e-01
13	9.3197e-01
14	9.2816e-01
15	9.1895e-01
16	9.0654e-01
17	9.1634e-01
18	9.0884e-01
19	6.0248e-01
Escape_rate = 4.6441e-05
CPU time = 19118.7
Run 5: from min 0 to min 3
0	2.7417e+00
1	8.8673e-04
2	4.6618e-01
3	5.4077e-01
4	5.7428e-01
5	8.5911e-01
6	8.6843e-01
7	8.8708e-01
8	9.0001e-01
9	9.0114e-01
10	9.1108e-01
11	9.0860e-01
12	9.1316e-01
13	9.3475e-01
14	9.3145e-01
15	9.1735e-01
16	9.0318e-01
17	9.1475e-01
18	9.0041e-01
19	5.8200e-01
Escape_rate = 4.9385e-05
CPU time = 20293.2
Run 6: from min 0 to min 3
0	2.8528e+00
1	8.4770e-04
2	4.6975e-01
3	5.3946e-01
4	5.5720e-01
5	8.4274e-01
6	8.6730e-01
7	8.7742e-01
8	8.9542e-01
9	9.0662e-01
10	9.1141e-01
11	9.1083e-01
12	9.1625e-01
13	9.3179e-01
14	9.3032e-01
15	9.1895e-01
16	9.0253e-01
17	9.1667e-01
18	9.0827e-01
19	5.9837e-01
Escape_rate = 4.8433e-05
CPU time = 20137.1
Run 7: from min 0 to min 3
0	2.9363e+00
1	8.3534e-04
2	4.6605e-01
3	5.3625e-01
4	5.5997e-01
5	8.5193e-01
6	8.6073e-01
7	8.8191e-01
8	8.9791e-01
9	9.0654e-01
10	9.0498e-01
11	9.0926e-01
12	9.1659e-01
13	9.3284e-01
14	9.3101e-01
15	9.1533e-01
16	9.0196e-01
17	9.1878e-01
18	9.0490e-01
19	5.8782e-01
Escape_rate = 4.7755e-05
CPU time = 20548.9
Run 8: from min 0 to min 3
0	2.6596e+00
1	8.1312e-04
2	4.6202e-01
3	5.3628e-01
4	5.4792e-01
5	8.5653e-01
6	8.6304e-01
7	8.8121e-01
8	9.0334e-01
9	9.0555e-01
10	9.1408e-01
11	9.1575e-01
12	9.1625e-01
13	9.2842e-01
14	9.3677e-01
15	9.1886e-01
16	9.0522e-01
17	9.1853e-01
18	9.0440e-01
19	5.9556e-01
Escape_rate = 4.2942e-05
CPU time = 19834
Run 9: from min 0 to min 3
0	2.7388e+00
1	8.8372e-04
2	4.5564e-01
3	5.3720e-01
4	5.4148e-01
5	8.5273e-01
6	8.6103e-01
7	8.7719e-01
8	8.9111e-01
9	9.0440e-01
10	9.0563e-01
11	9.1441e-01
12	9.2030e-01
13	9.3136e-01
14	9.3145e-01
15	9.1516e-01
16	9.0123e-01
17	9.1558e-01
18	9.0400e-01
19	5.8900e-01
Escape_rate = 4.4263e-05
CPU time = 20290.5
Escape rate vector:
4.1646e-05
4.3194e-05
4.8750e-05
4.5213e-05
4.6441e-05
4.9385e-05
4.8433e-05
4.7755e-05
4.2942e-05
4.4263e-05
Mean escape rate = 4.5802e-05
Standard deviation = 2.7414e-06
