-6.89690039e-02	-9.97840405e-01	
-8.36113036e-01	-1.26792252e+00	
-5.36802292e-01	5.96162915e-01	
4.12441730e-01	6.22976363e-01	
7.56786346e-01	6.56654477e-01	
1.39742089e-03	8.09969660e-03	
1.64787784e-01	1.36889732e+00	
-9.86941576e-01	-5.09403944e-02	
6.89879656e-02	8.37449849e-01	
-5.64035296e-01	1.49779177e+00	
-8.27265829e-02	5.94391264e-02	-6.66003823e-02	3.28828096e-02	-9.92066562e-02	7.59853274e-02	-7.25746676e-02	-1.43204004e-01	1.35072246e-01	-2.47515023e-01	
3.39223295e-02	2.69823700e-01	1.87956214e-01	-2.88692504e-01	-3.18289548e-01	-1.86837479e-01	-2.82577455e-01	-9.10456538e-01	3.18634063e-02	3.02384677e-03	
3.86097372e-01	-5.19493043e-01	2.76300381e-03	1.94989789e+00	3.55764091e-01	1.65111259e-01	-9.01166856e-01	-8.95034492e-01	2.14606985e-01	-9.51315403e-01	
-3.10475230e-01	-1.36956990e-01	-1.40348509e-01	-1.79305330e-01	-1.78619355e-01	-1.26539990e-01	1.88298106e-01	2.04530030e-01	-2.22110495e-01	-4.88268062e-02	
-6.11385703e-01	1.53098071e+00	1.55444250e-01	-1.48747051e+00	-9.85497355e-01	-3.11238050e-01	1.04741371e+00	4.28884149e-01	5.22797525e-01	3.49265248e-01	
2.03585282e-01	-4.17778134e-01	-6.16682053e-01	-2.12852001e-01	5.21715403e-01	1.70337304e-01	5.27363718e-01	-7.13611722e-01	4.64643061e-01	-6.18298471e-01	
3.83457750e-01	-6.99860930e-01	-5.16341507e-01	9.55333769e-01	2.41538033e-01	7.82932714e-02	1.41682550e-01	-6.07104719e-01	2.50325412e-01	-4.35586184e-01	
7.27713481e-02	7.96060979e-01	-1.04477949e-01	1.49619222e+00	1.23095758e-01	-2.15047947e-03	2.33046502e-01	-8.74693274e-01	5.67564368e-01	-2.05691785e-01	
-1.27938402e+00	1.91720128e+00	3.10278058e-01	-5.94941318e-01	-6.69679046e-01	1.46116987e-01	4.66550440e-01	2.70886242e-01	7.03054488e-01	4.43174332e-01	
1.99025661e-01	-3.24966818e-01	-2.69839197e-01	-4.94726375e-02	4.02296335e-01	3.02921027e-01	3.69139135e-01	-3.35679114e-01	1.80923268e-01	-3.14534128e-01	
2.52508279e-02	-3.44352931e-01	1.04694653e+00	5.00234701e-02	6.97053134e-01	-5.70527256e-01	-9.15008843e-01	-9.14781213e-01	9.21761632e-01	-7.18945920e-01	
5.74992120e-01	
-7.27464914e-01	
3.59887660e-01	
-2.09097862e-01	
2.33631685e-01	
-9.23264623e-02	
7.41833448e-02	
4.77596261e-02	
1.27988482e+00	
2.05258682e-01	
-6.58890232e-02	
-3.09285492e-01	
1.07623771e-01	
-7.04291612e-02	
6.08905137e-01	
4.99651015e-01	
5.23622453e-01	
-1.74237922e-01	
1.05752144e-02	
2.14088619e-01	
-1.64387316e-01	
