5.46336055e-01	8.17387164e-01	
5.98048151e-01	1.00942045e-01	
5.61486602e-01	2.19497532e-01	
3.46668661e-01	1.05150664e+00	
1.10245788e+00	-2.61968076e-01	
-3.54790419e-01	-1.81243658e-01	
5.50441965e-02	1.04495978e+00	
7.27249622e-01	-4.97624189e-01	
-2.46768713e-01	1.51979947e+00	
-4.75411803e-01	-3.69707942e-02	
6.78163171e-01	-1.39412180e-01	
3.25288355e-01	-1.72585562e-01	
-2.18871251e-01	6.78673327e-01	
-5.07698417e-01	1.28902346e-01	
8.78376722e-01	-5.15396059e-01	
2.89760023e-01	8.64589095e-01	
1.45711347e-01	-1.09317338e+00	
5.87917447e-01	-5.78021705e-02	
8.69967759e-01	2.13445768e-01	
-3.51773769e-01	-6.29649460e-02	
-4.35968667e-01	-5.91408797e-02	
6.38136744e-01	5.98584823e-02	
2.37296566e-01	-6.77953809e-02	
6.15754306e-01	-1.04519582e+00	
-2.32462689e-01	4.08443213e-01	
2.82574147e-02	-3.79782207e-02	1.43977776e-01	5.80137193e-01	3.61001074e-01	-1.85820535e-01	2.44142115e-01	1.37852445e-01	3.64543013e-02	-1.41846046e-01	1.74006715e-01	7.50610186e-03	-4.72281963e-01	1.52257428e-01	4.60970074e-01	-2.69719362e-01	4.56925511e-01	2.68431544e-01	2.65279740e-01	-1.30959317e-01	-2.21898556e-02	4.64246161e-02	1.43324956e-01	1.19017787e-01	-3.70230079e-01	
-4.93995488e-01	9.04585496e-02	2.08116084e-01	-9.90982056e-01	2.18408510e-01	-1.26264775e-02	-1.10948396e+00	3.83829176e-01	-9.12578821e-01	1.70336157e-01	4.26540822e-01	3.28164577e-01	-2.38336518e-01	-3.26100588e-02	5.10423398e-03	3.88821691e-01	-1.02669692e+00	3.54426019e-02	2.24638849e-01	-1.39076114e-01	6.37422353e-02	1.04546919e-01	1.55217648e-02	2.64875274e-02	2.01698825e-01	
3.31997812e-01	9.25377607e-02	1.32991314e-01	6.78832829e-01	3.80930334e-01	-1.63654208e-01	4.25780058e-01	1.56165361e-01	3.32954079e-01	4.87110130e-02	-1.27098590e-01	-5.65921552e-02	-6.00798428e-02	-8.56018811e-02	3.10411841e-01	-4.86067794e-02	4.77908343e-01	1.20082416e-01	7.63565451e-02	-7.64548779e-03	9.24157128e-02	7.49346092e-02	-1.12105086e-02	2.37311013e-02	-3.24181437e-01	
2.82538086e-01	2.10877359e-02	-1.09524637e-01	8.52509618e-01	-8.75912756e-02	4.66312319e-02	7.68815875e-01	9.93418768e-02	4.11255568e-01	-1.35931715e-01	6.48855790e-02	1.74550653e-01	1.38912469e-01	-1.87011719e-01	2.04320610e-01	2.06606895e-01	2.89526969e-01	-1.41520888e-01	-1.03249364e-01	-3.61475721e-02	1.32792001e-03	1.84385717e-01	1.14061940e-03	2.79376447e-01	-4.05418687e-02	
3.47899407e-01	2.14151010e-01	-8.61265510e-03	3.36411148e-01	7.97927439e-01	-1.53225690e-01	1.59945846e-01	5.91868535e-02	-1.11730196e-01	-1.03223018e-01	3.13259840e-01	-2.19628334e-01	-4.29532826e-01	1.88831404e-01	7.89284110e-01	-2.69019485e-01	4.58584577e-01	7.95981586e-02	1.36811122e-01	-6.02887645e-02	7.82360807e-02	7.78256804e-02	-2.07051888e-01	2.13582620e-01	-9.45992917e-02	
-1.40389994e-01	7.70938247e-02	-1.01854868e-01	1.98348295e-02	-1.91441238e-01	-4.21076082e-03	-3.91814224e-02	3.80668836e-03	-5.75029850e-02	3.47393043e-02	-5.74413724e-02	1.50737911e-01	-1.81000237e-03	6.16530664e-02	-1.43644184e-01	-1.81881905e-01	-2.27317102e-02	1.36349067e-01	-4.35087793e-02	1.94274664e-01	1.11578945e-02	1.20068751e-01	-1.96638465e-01	8.64080340e-02	-3.22677381e-02	
1.87861621e-01	5.49959391e-02	1.46317063e-02	-2.53185987e-01	5.55634320e-01	6.79065809e-02	2.36178515e-03	3.38492990e-01	-3.66065532e-01	-1.90055855e-02	2.77963668e-01	-1.51113346e-01	-3.62650216e-01	2.45383028e-02	3.34901571e-01	-2.46014401e-01	2.62431264e-01	1.59744307e-01	3.08638304e-01	7.26487860e-02	-1.33543685e-01	1.76629752e-01	-3.25002559e-02	-5.14189377e-02	-4.20452863e-01	
-1.79416347e+00	2.02019494e-02	-2.11029068e-01	2.80215859e-01	6.81497753e-01	3.43882702e-02	8.65431070e-01	1.73192993e-01	-1.03705323e+00	-8.30546170e-02	-2.18700171e-02	5.99862158e-01	-2.16736853e-01	9.15093441e-03	6.97972238e-01	6.09932780e-01	8.14084888e-01	-5.12164347e-02	-1.19519550e-02	1.34611130e-03	-1.18649147e-01	1.10772297e-01	7.27176130e-01	6.13063872e-01	-1.20221663e+00	
4.15583491e-01	-3.33264358e-02	4.97293323e-02	8.63200068e-01	1.51852265e-01	1.47628203e-01	8.03452194e-01	-6.60739988e-02	5.18200874e-01	1.41719460e-01	4.37075570e-02	-1.41346917e-01	1.95954353e-01	-1.98080212e-01	4.31207836e-01	-1.50802955e-02	5.76894701e-01	8.02883133e-02	1.22707048e-02	9.39741172e-03	-1.38135105e-01	-5.22425398e-02	-9.87642035e-02	2.22009897e-01	-8.57740417e-02	
-1.86758265e-01	-7.56706968e-02	-9.33588520e-02	2.77801044e-02	-1.51348695e-01	-1.47497922e-01	-8.15333351e-02	-6.94867596e-02	-6.25953898e-02	1.18483022e-01	-1.64051607e-01	-9.50317606e-02	-3.32882181e-02	-1.79005891e-01	1.42478496e-01	-1.57305554e-01	-4.85912338e-02	9.50022489e-02	1.03437044e-01	-7.39287138e-02	-1.53899193e-03	7.79935345e-02	1.71414420e-01	-4.74409349e-02	9.79930907e-02	
5.90668499e-01	1.55023009e-01	-1.34758547e-01	6.85842037e-01	-8.82230178e-02	-2.09455058e-01	8.49179268e-01	6.37360439e-02	8.16607714e-01	-2.61598118e-02	-1.83817700e-01	-4.54535335e-03	7.10681677e-02	1.17015675e-01	8.71526450e-02	3.16343084e-02	7.98773944e-01	4.93431352e-02	1.70850158e-01	6.12222664e-02	-1.03460647e-01	-9.68537629e-02	-1.44680202e-01	3.42654377e-01	-9.11809057e-02	
3.12989354e-01	2.17717186e-01	2.45115846e-01	2.38247454e-01	3.25631082e-01	-1.17315859e-01	3.08306426e-01	-7.44990259e-02	9.78067368e-02	1.74191698e-01	-6.84891641e-02	-1.34726942e-01	-5.35257578e-01	7.58968592e-02	3.37595820e-01	-2.28837878e-01	4.81577665e-01	-8.49031843e-03	9.04770568e-02	1.30549356e-01	-1.62552819e-01	4.85799834e-02	-1.34479314e-01	3.92453894e-02	-4.03672010e-01	
1.69536904e-01	6.64306059e-02	7.47870877e-02	-2.35753864e-01	-6.43269897e-01	-6.44276850e-03	-1.48233861e-01	-1.12012245e-01	2.75616497e-02	-1.17572069e-01	1.34929761e-01	-6.18270412e-02	5.43177307e-01	-3.38872187e-02	-9.29718196e-01	9.42979977e-02	-1.12435079e+00	7.36522600e-02	9.38127488e-02	-2.01571714e-02	-1.39337063e-01	1.66078806e-01	9.33625177e-02	-4.95957524e-01	3.94456834e-01	
1.35314256e-01	2.58181661e-01	-9.78808943e-03	-4.96721268e-02	5.62817097e-01	9.27842185e-02	-3.42880845e-01	2.50594139e-01	-4.04624820e-01	3.76661308e-02	2.96389133e-01	7.00047463e-02	-6.79933906e-01	7.56978989e-04	4.09807920e-01	-1.24600351e-01	5.37063241e-01	2.34010041e-01	3.08542311e-01	-1.00276284e-01	8.21267888e-02	3.70160669e-01	-1.28871933e-01	3.54358777e-02	-3.93573254e-01	
2.29750782e-01	5.84777929e-02	2.19843879e-01	7.33299792e-01	1.56770691e-01	-5.81217408e-02	3.57665420e-01	-7.67123774e-02	3.37737173e-01	-1.85975581e-01	5.12253493e-03	8.14967155e-02	3.82040367e-02	1.57031447e-01	1.91347808e-01	-1.33005053e-01	6.66529059e-01	2.11496204e-01	-7.63008744e-02	6.31222501e-02	-1.79412648e-01	1.30543053e-01	1.19363450e-01	2.63530940e-01	1.69685408e-02	
2.87855178e-01	1.09090939e-01	6.26478866e-02	7.02127993e-01	3.53983194e-01	-4.40265536e-02	1.66145325e-01	-1.23272941e-01	2.73000866e-01	-1.90548167e-01	2.08658233e-01	1.32172346e-01	-2.19591603e-01	-1.85353383e-01	4.07141924e-01	4.34859283e-02	2.81716734e-01	2.14458600e-01	1.40290499e-01	-1.04900859e-01	-2.56674290e-02	2.25027427e-01	7.15452805e-02	2.60540843e-02	-1.24214441e-01	
-2.74611381e-03	2.30959073e-01	9.07451287e-02	-2.51208574e-01	-2.50279665e-01	1.31796792e-01	-1.39081985e-01	1.01337217e-01	1.73034310e-01	1.68886427e-02	7.63391182e-02	6.78603500e-02	3.48172575e-01	7.11677596e-02	-9.69267264e-02	1.95871904e-01	-1.10840499e+00	7.23964795e-02	9.32933614e-02	-3.62752192e-02	-5.76418899e-02	2.14069784e-01	1.79678857e-01	-2.82802492e-01	3.87979805e-01	
-2.94470072e-01	2.25219473e-01	1.34922966e-01	-3.59726220e-01	-3.36908847e-01	1.58572569e-02	-3.65814030e-01	-7.30322748e-02	7.23081008e-02	-3.54198702e-02	-5.26322909e-02	6.40134364e-02	3.09471846e-01	-4.71018553e-02	-8.75915110e-01	2.32759595e-01	-7.61895835e-01	9.55486521e-02	1.37373805e-01	4.20819037e-02	-2.31487993e-02	-1.18627802e-01	8.06913227e-02	-4.90739852e-01	4.55230862e-01	
1.72901601e-01	-1.11543961e-01	2.22324610e-01	7.65592873e-01	1.71743751e-01	-6.93456382e-02	4.91986215e-01	1.02166593e-01	1.07183449e-01	-1.65581584e-01	1.28508836e-01	-2.19700769e-01	-3.84608626e-01	-1.44702867e-01	3.83097619e-01	1.08989608e-02	6.01128280e-01	-1.08807296e-01	4.49549444e-02	-1.20987251e-01	7.29963332e-02	1.19081236e-01	-1.26200780e-01	2.70579010e-01	-2.61212856e-01	
-4.79463711e-02	1.02432735e-01	-1.14439726e-01	1.61879987e-01	6.06356412e-02	1.94146544e-01	-1.90681696e-01	-1.38930470e-01	7.07732439e-02	-1.38331894e-02	1.87111482e-01	-1.37689814e-01	-7.09533766e-02	-3.09851170e-02	9.78446007e-02	-1.15795736e-03	-6.78163543e-02	-2.31797323e-02	-9.07534175e-03	1.85157329e-01	8.36350247e-02	-8.36535916e-03	-6.83929473e-02	-1.93646818e-01	-1.52451202e-01	
-8.45124274e-02	-1.77796677e-01	4.73354571e-02	8.91685262e-02	5.44595718e-02	2.28687767e-02	-1.48237020e-01	-1.00096896e-01	1.03736781e-01	6.90012947e-02	-5.05326055e-02	7.51407146e-02	6.65277019e-02	3.59458439e-02	-1.84366375e-01	6.06373809e-02	-1.52997926e-01	1.07565857e-01	-3.23166139e-02	-5.26925810e-02	1.47751480e-01	1.83752999e-01	4.59308885e-02	-5.56994453e-02	-1.16207555e-01	
-2.45796323e-01	-2.42048409e-02	9.82728228e-02	-6.14678085e-01	-6.14833951e-01	1.45875499e-01	-4.41419959e-01	1.21062040e-01	-2.63782650e-01	1.01370670e-01	-9.50155035e-03	-1.12216741e-01	2.81738788e-01	9.27856006e-03	-7.41513073e-01	2.17642933e-01	-9.80683982e-01	6.80832043e-02	2.30041757e-01	1.32644489e-01	-7.14242682e-02	2.81647533e-01	1.28295258e-01	-5.62130988e-01	3.68040174e-01	
1.67807981e-01	-1.22816920e-01	-9.79519114e-02	6.81389123e-02	-1.25179559e-01	-1.92452863e-01	3.70500796e-02	-1.84609815e-01	-2.92670485e-02	4.74282764e-02	1.78351402e-01	-8.06026440e-03	-1.84781313e-01	1.10105589e-01	-1.27873644e-01	-2.24789139e-02	1.82838198e-02	-1.04712723e-02	-1.97908744e-01	1.22658804e-01	6.90269023e-02	1.29584193e-01	-6.57869801e-02	1.96218088e-01	1.24129534e-01	
1.87256515e-01	7.20818043e-02	-1.31595498e-02	-1.23690888e-01	2.58215129e-01	-1.01389661e-02	3.21201473e-01	-1.24817632e-01	1.43901154e-01	-1.84005409e-01	7.45786056e-02	-1.08584546e-01	4.13017757e-02	-1.33667231e-01	7.18101636e-02	1.51796281e-01	-3.30228686e-01	3.98553014e-02	2.25346431e-01	-7.18112011e-03	-2.72968542e-02	3.05496097e-01	9.15058479e-02	-2.77123824e-02	-1.66481271e-01	
-1.22733019e-01	1.25766262e-01	1.23618608e-02	1.97716486e-02	-1.49623200e-01	-1.89450607e-01	1.09019689e-01	1.66999683e-01	-1.76004440e-01	-3.92743126e-02	-1.02182344e-01	3.56259346e-02	1.13348149e-01	-5.51187992e-03	-4.75441702e-02	3.91950384e-02	1.90679982e-01	-1.79244325e-01	-1.65336043e-01	-1.28467325e-02	4.60300222e-02	-7.68863186e-02	2.66911997e-03	-9.74226519e-02	-9.90062729e-02	
3.21168676e-02	8.07972968e-01	-3.70436639e-01	-8.81477594e-01	-7.46661648e-02	-1.02460958e-01	6.07796609e-01	-2.83400446e-01	-9.42056298e-01	-2.29474306e-02	-6.17980063e-01	-1.38370916e-01	8.40933323e-02	8.02037179e-01	-7.63070583e-01	-3.11934322e-01	7.82762840e-02	3.32016319e-01	-4.34528440e-01	-1.79772124e-01	1.52013019e-01	5.44924974e-01	1.16854884e-01	-2.31728656e-03	-1.51008770e-01	
4.52414826e-02	-1.60509631e-01	-1.19765267e-01	-7.28165954e-02	1.95838764e-01	2.06165314e-02	-7.87196904e-02	5.19077778e-02	1.27215907e-01	7.99291879e-02	4.60855514e-02	-4.51144241e-02	1.64838269e-01	-1.82216272e-01	-1.51455179e-01	1.07558914e-01	1.17205836e-01	-5.88627644e-02	-1.91147149e-01	-1.89425811e-01	1.21913269e-01	2.48131752e-02	-8.31250474e-02	-4.32380736e-02	-1.35687634e-01	
-5.23503758e-02	-7.28368983e-02	-1.85288727e-01	-1.35768548e-01	9.81823727e-02	-5.94416633e-02	-1.04224786e-01	8.54745954e-02	-8.63547320e-04	1.30891249e-01	-1.58477411e-01	-3.64360632e-03	2.55641947e-03	3.87837775e-02	6.41320720e-02	-1.47970498e-01	1.80966742e-02	-5.35138361e-02	4.74276505e-02	-7.11364523e-02	1.61854461e-01	-1.18087053e-01	-2.24864241e-02	-2.12025777e-01	-1.97361469e-01	
1.54076621e-01	-1.30952045e-01	2.01329321e-01	1.54206172e-01	4.76485670e-01	-1.90166473e-01	2.93569535e-01	-6.66793048e-01	1.27082005e-01	-4.42967191e-02	1.26821950e-01	2.62503654e-01	-3.38712275e-01	1.57681510e-01	4.91162911e-02	2.43551746e-01	-4.94496599e-02	-3.55539173e-01	2.14798599e-01	2.02112142e-02	-6.42505214e-02	-2.25222141e-01	7.46880546e-02	2.03209817e-01	-1.54069429e-02	
-3.03762145e-02	4.07922804e-01	-2.78388411e-02	9.97726768e-02	-4.57851976e-01	6.69516698e-02	-3.25968862e-01	-9.24842417e-01	8.55955631e-02	1.41369745e-01	3.41673903e-02	-2.69799709e-01	2.98463225e-01	-3.14569086e-01	-2.18099341e-01	1.50269881e-01	3.35599750e-01	5.53451478e-01	-1.67779669e-01	1.38665751e-01	-1.31109819e-01	5.11520624e-01	4.04603481e-02	2.22630620e-01	7.17839226e-02	
1.91893816e-01	-9.63198394e-02	2.90536582e-01	1.66871250e-02	3.02667320e-01	1.74606055e-01	1.77579984e-01	-7.23436236e-01	1.43828511e-01	-1.91913083e-01	3.87354195e-02	2.89502412e-01	-3.15378994e-01	2.64980406e-01	1.07778654e-01	9.38516576e-03	-1.28479391e-01	-3.28327000e-01	1.26984373e-01	1.29187897e-01	2.99149044e-02	-9.02709663e-02	7.44103715e-02	1.26532419e-02	1.64470673e-02	
1.10869192e-01	4.82437424e-02	-6.12394884e-02	1.88985482e-01	1.45385027e-01	7.56625086e-02	2.53503650e-01	-9.22309339e-01	2.24737212e-01	-1.61956549e-01	1.79262489e-01	1.62753761e-01	-3.95473272e-01	2.42613629e-01	2.35449687e-01	1.14077382e-01	-7.06409067e-02	-2.71874666e-01	2.91048050e-01	5.45242801e-02	1.20304227e-01	-2.13795125e-01	-4.52992432e-02	1.01641208e-01	-1.81213930e-01	
4.75693271e-02	-5.92883565e-02	8.97583738e-03	-2.84452606e-02	3.75785857e-01	1.00297198e-01	-3.53245102e-02	-6.79853320e-01	2.63252020e-01	-3.46447490e-02	1.43040586e-02	3.26309204e-02	-3.80436987e-01	8.34432468e-02	1.91649020e-01	2.33979791e-01	8.24859738e-02	-9.79140326e-02	1.75954983e-01	5.89744560e-02	-9.14402753e-02	-2.18460783e-01	-1.77128658e-01	2.18638107e-01	1.98473915e-01	
2.17943221e-01	3.78409177e-02	-1.94941144e-02	1.75506428e-01	2.40101337e-01	7.70924985e-02	-7.80707551e-03	-6.50313199e-01	2.65395701e-01	1.10111788e-01	7.53554404e-02	1.53752640e-01	-1.82168722e-01	1.83636799e-01	2.47386798e-01	2.62393177e-01	-1.60616692e-02	-2.95010805e-01	2.71171510e-01	-5.48333637e-02	8.25070143e-02	-1.49396941e-01	-1.77585870e-01	4.95406874e-02	-1.05036192e-01	
2.19384730e-01	-1.23967543e-01	-9.06800255e-02	1.61042318e-01	2.85908788e-01	1.71032995e-01	2.13277191e-01	-7.16875076e-01	-6.27576709e-02	-1.10345893e-01	-4.44760248e-02	2.83217847e-01	-3.24336827e-01	-1.49266208e-02	9.65558141e-02	1.33108348e-01	1.02554873e-01	-3.52608174e-01	2.14634284e-01	1.91342473e-01	9.63348374e-02	-2.26599693e-01	1.54347897e-01	2.06097633e-01	1.45914122e-01	
-9.85745490e-02	4.54930007e-01	-1.04812115e-01	-1.28854781e-01	-2.71640360e-01	1.44113183e-01	3.88504714e-02	4.83336478e-01	1.09234504e-01	4.73480485e-02	-2.43050396e-01	-2.82918680e-02	5.60491800e-01	-2.06616670e-01	-1.25616714e-01	1.76367760e-02	2.56210148e-01	4.02654469e-01	-9.35506821e-03	-1.81264952e-01	-5.82554825e-02	4.11031038e-01	6.23909011e-02	2.02328071e-01	-1.19165562e-01	
1.66503310e-01	7.09847361e-02	2.93899719e-02	-3.46985757e-02	2.47887880e-01	9.57639739e-02	2.97520965e-01	-6.84057236e-01	1.38061522e-02	-4.28295141e-04	1.78257257e-01	1.36876494e-01	-2.33116135e-01	2.19892040e-01	2.00674906e-01	2.32318178e-01	-1.16455026e-01	-3.45916040e-02	1.87310204e-01	6.94714338e-02	1.79469928e-01	-3.26584160e-01	-1.05252050e-01	1.26684755e-01	-1.19940760e-02	
2.20020905e-01	1.55363083e-01	5.57771064e-02	1.19632788e-01	5.32532096e-01	1.70755297e-01	8.00231695e-02	-1.04066372e+00	1.12752266e-01	-8.68178606e-02	-2.62150634e-02	2.98698843e-01	-3.53080779e-01	-5.99317886e-02	1.63073957e-01	2.19574124e-02	8.07165056e-02	-4.27336872e-01	2.65227463e-02	1.13980271e-01	-4.53804731e-02	-9.32393000e-02	-1.44541547e-01	2.53610820e-01	-1.23322129e-01	
-1.51756808e-01	1.52308151e-01	5.77103160e-02	8.33256990e-02	-1.49154931e-01	2.05713753e-02	2.10266113e-02	-1.37597904e-01	-1.62969977e-01	-6.52591959e-02	-8.63727555e-02	3.14609073e-02	-4.83382940e-02	1.55812010e-01	-8.35938677e-02	4.50531729e-02	-1.20739296e-01	-1.38292864e-01	-1.54921487e-01	8.81088525e-02	-3.90254743e-02	3.76570709e-02	-4.78520393e-02	2.99961325e-02	1.16885327e-01	
3.61361653e-01	1.02077179e-01	-1.82376206e-02	-8.88124108e-03	3.72884870e-01	-3.82322334e-02	1.76900461e-01	6.58205390e-01	8.79139304e-02	-1.19525388e-01	-2.21786499e-01	2.68796742e-01	-7.25414932e-01	2.40055248e-01	1.35055885e-01	-5.33340164e-02	8.08388984e-04	-9.27754402e-01	-1.28719777e-01	-3.06910034e-02	4.36304584e-02	-4.36270803e-01	4.93583195e-02	-1.05277836e-01	-1.70351431e-01	
-2.40989942e-02	4.03439760e-01	-6.10138662e-02	8.50538164e-02	-2.07001731e-01	-9.76010561e-02	-2.11814702e-01	8.04347634e-01	-1.12954520e-01	-4.38719057e-02	2.47686327e-01	6.87977225e-02	7.47688830e-01	8.48622099e-02	1.43198624e-01	-1.86473727e-02	1.79010957e-01	2.15147734e-01	-8.71545598e-02	6.84542879e-02	3.33495401e-02	4.55740124e-01	-3.20091955e-02	2.30153352e-01	1.34022221e-01	
2.37344727e-01	-7.64480829e-02	1.42704383e-01	-2.78149061e-02	4.44096684e-01	-1.01320535e-01	1.52003467e-01	-1.20753825e+00	9.64964703e-02	1.80597171e-01	1.07762162e-02	2.92919546e-01	-3.75812680e-01	2.07056984e-01	1.92840472e-01	5.06668687e-02	1.20752633e-01	-3.32662582e-01	-2.01007482e-02	1.59560949e-01	-1.96549177e-01	1.29426913e-02	1.20113730e-01	-7.62439752e-03	-1.71755657e-01	
2.15638429e-01	-1.19572975e-01	1.76447555e-01	1.67214528e-01	4.38973814e-01	1.42272845e-01	2.79205382e-01	-7.12778449e-01	2.21765727e-01	-2.20447779e-02	-8.66610706e-02	1.56811953e-01	-5.98229766e-02	1.03758663e-01	-6.97479770e-03	2.01454401e-01	-1.71038762e-01	-4.32398856e-01	2.78410558e-02	-2.55916379e-02	1.32293448e-01	1.32049453e-02	4.35298942e-02	1.99265942e-01	-1.91195130e-01	
1.43822327e-01	-1.40503243e-01	-1.10222995e-01	1.12461857e-01	-1.57832056e-01	1.75192073e-01	1.44114807e-01	5.17027406e-03	-1.28082894e-02	1.97924480e-01	-3.45659107e-02	-2.01234892e-01	-2.12353364e-01	-8.20934698e-02	3.07315160e-02	-3.79514173e-02	4.27590497e-02	1.01448365e-01	-1.59612019e-02	-8.50468650e-02	-1.95453644e-01	-3.90178501e-03	-1.95883200e-01	1.48057625e-01	1.03408650e-01	
-1.61071286e-01	3.83221239e-01	-4.04038467e-02	8.15871954e-02	-3.05066615e-01	-4.30288985e-02	-1.52840286e-01	4.15493906e-01	-1.66646853e-01	1.65082216e-02	1.40779791e-02	-5.51807657e-02	4.93175864e-01	-2.91619189e-02	6.98552355e-02	-1.28799006e-01	2.34045118e-01	3.56671482e-01	-5.70081286e-02	8.29831138e-02	1.44641981e-01	3.26419473e-01	-1.08844258e-01	1.72269970e-01	-9.25660133e-04	
5.84955215e-02	-9.24741998e-02	1.36980778e-02	-1.07978322e-01	-1.35319576e-01	-8.77853408e-02	-2.73358580e-02	-1.98656872e-01	-1.61268666e-01	9.49934050e-02	-1.35999992e-01	-5.50675392e-02	-1.70794353e-01	-2.50534303e-02	-5.04792221e-02	1.14775635e-01	-8.02722946e-02	4.82290499e-02	7.65707716e-02	-1.33866191e-01	-7.61317983e-02	-1.14478134e-01	-1.87776685e-01	-1.66927367e-01	-1.19012572e-01	
1.58763409e-01	9.80598256e-02	-1.00048281e-01	6.45274147e-02	-1.40410781e-01	-2.61618849e-02	1.72624484e-01	1.34575204e-03	-1.33576050e-01	-2.73828506e-02	6.49720579e-02	1.44681603e-01	-1.04003757e-01	-1.40871674e-01	-1.82898194e-02	5.13078272e-02	-1.40471458e-01	7.45560154e-02	-9.09777284e-02	-1.14806511e-01	-1.65601522e-01	6.30007684e-02	-1.67426273e-01	-1.65537059e-01	-1.53286844e-01	
2.74797916e-01	4.81171533e-02	3.11212242e-01	-1.75711885e-02	4.58128572e-01	-6.04412556e-02	5.18782958e-02	-7.26580679e-01	4.13503908e-02	3.53873484e-02	2.18376629e-02	1.22720838e-01	-3.26323420e-01	2.88683116e-01	2.01129854e-01	1.88490391e-01	1.37954354e-01	-1.95385158e-01	2.40297467e-01	-1.68391783e-03	8.66119415e-02	-3.40087265e-01	-1.38333365e-01	2.05188408e-01	1.84832528e-01	
6.44414201e-02	-1.30190879e-01	1.47464052e-01	-2.25635841e-01	-4.21447046e-02	1.64601356e-01	9.09423977e-02	1.56409726e-01	7.16737807e-02	1.83344156e-01	-2.03248009e-01	2.01772843e-02	1.51948752e-02	-1.80225715e-01	-1.61229134e-01	1.29367076e-02	1.36044592e-01	-1.76056474e-01	9.22875479e-02	-1.84859872e-01	-1.44563988e-01	-1.59642801e-01	-1.31609961e-01	4.76826588e-03	-4.25864458e-02	
-3.61553542e-02	5.72286189e-01	-1.76971406e-01	1.14154615e-01	-3.20049703e-01	9.56180096e-02	-3.88102531e-02	3.65531296e-01	-8.51669759e-02	-1.52214557e-01	1.96247950e-01	-3.30994248e-01	5.82704604e-01	-1.92315117e-01	1.67907164e-01	-7.49553367e-02	2.22634345e-01	4.40327287e-01	-2.94850498e-01	-6.87937513e-02	-1.28557207e-02	2.83097386e-01	-1.30865723e-01	3.26040447e-01	1.20766975e-01	
-1.20176339e+00	1.97700873e-01	-2.74519864e-02	2.59904116e-01	-4.73040909e-01	2.99882174e-01	1.91062748e-01	1.67044923e-01	2.10383326e-01	3.65308732e-01	-5.14213562e-01	2.66814530e-01	3.63383025e-01	-7.44569823e-02	-1.92120805e-01	-2.27755934e-01	4.78723526e-01	2.15378776e-01	-1.44880280e-01	-4.11578089e-01	1.19248085e-01	1.79678902e-01	2.62941360e-01	-1.81730278e-02	-4.56450850e-01	
-1.10311240e-01	
5.97049236e-01	
1.82123315e-02	
-8.83240029e-02	
-6.08579993e-01	
7.18407989e-01	
-3.03628854e-03	
3.34711909e-01	
9.89632588e-03	
-4.36332732e-01	
-1.31887542e-02	
-7.30785072e-01	
2.12321639e-01	
-3.27873051e-01	
-4.06935126e-01	
2.46543691e-01	
-5.67999333e-02	
3.23251665e-01	
5.66370547e-01	
-5.60644269e-01	
-3.25829864e-01	
-3.75638977e-02	
-4.74094957e-01	
-2.40768224e-01	
2.85091758e-01	
-3.59279215e-02	
2.28436440e-01	
-6.51997924e-02	
1.37452468e-01	
-7.72802457e-02	
-1.67152911e-01	
2.05832943e-01	
-4.52092886e-02	
4.75380123e-02	
3.35094929e-02	
-4.47601601e-02	
8.51466209e-02	
1.57888785e-01	
9.98562127e-02	
6.58672526e-02	
-2.05702618e-01	
2.09216326e-01	
2.86106050e-01	
1.60157621e-01	
-1.22131824e-01	
-1.18750863e-01	
2.97808588e-01	
-7.23981187e-02	
4.97019179e-02	
-1.66724473e-01	
2.37638876e-01	
-1.26751795e-01	
-1.04670785e-01	
7.67494515e-02	
1.22266084e-01	
1.21012107e-01	
7.14815855e-02	
8.84420723e-02	
-2.00401600e-02	
1.79257423e-01	
1.27022192e-01	
-5.85332476e-02	
7.98583701e-02	
-1.15879588e-01	
-1.40325129e-02	
2.40270540e-01	
1.29661639e-03	
9.15696919e-02	
-1.26188502e-01	
1.45301878e-01	
-1.09401345e-01	
-5.50101437e-02	
-6.36904389e-02	
-1.33739039e-01	
1.73336521e-01	
1.58253476e-01	
