5.27378201e-01	1.11567572e-01	
1.09714298e-02	4.31947291e-01	
-2.99960703e-01	6.07322156e-01	
1.78818125e-02	6.66342199e-01	
-4.56375703e-02	-4.54618514e-01	
3.68657470e-01	4.10284132e-01	
2.76183397e-01	5.92030287e-01	
4.03177232e-01	-4.33485091e-01	
-1.96554601e-01	6.19142354e-01	
-2.96241403e-01	-6.25792086e-01	
-1.49975941e-01	1.28775641e-01	
4.06181514e-01	-2.30430543e-01	
-4.74025588e-03	5.37377715e-01	
-1.26906037e-01	-6.34138525e-01	
-4.59003329e-01	2.82735042e-02	
2.93193497e-02	7.03590333e-01	
-2.64226019e-01	6.47584736e-01	
-2.97955155e-01	-6.34688795e-01	
6.54624104e-01	4.86491382e-01	
-5.91378272e-01	-5.62233984e-01	
2.36160588e-02	4.94309455e-01	
3.55908096e-01	-6.27632797e-01	
4.35686588e-01	-7.80775249e-01	
-1.53134421e-01	-4.19156462e-01	
5.21026909e-01	1.60353303e-01	
3.82693022e-01	-4.45938528e-01	
-4.45689976e-01	-5.61299145e-01	
3.72888505e-01	1.03790700e+00	
2.75667042e-01	3.54156226e-01	
-7.73888111e-01	-4.69408989e-01	
-4.29971606e-01	4.39282447e-01	
1.59666628e-01	-4.44063127e-01	
-3.78134996e-02	-6.69765115e-01	
4.64080632e-01	1.83444753e-01	
4.35175955e-01	-4.56791937e-01	
-3.78070325e-01	-1.14058435e-01	
4.80009228e-01	4.06380296e-01	
2.08928913e-01	-2.52537072e-01	
5.52366614e-01	2.76097536e-01	
1.60300702e-01	-6.47471845e-01	
-2.38702614e-02	7.77161270e-02	1.40156418e-01	-1.04433849e-01	1.33302078e-01	4.12549684e-03	1.23293316e-02	-1.56327561e-01	1.19325086e-01	1.49266928e-01	-3.48387770e-02	1.37525469e-01	-7.48831928e-02	6.09949082e-02	5.10648787e-02	-1.30239710e-01	1.17849581e-01	-8.29296932e-03	-5.88932447e-02	-2.76922379e-02	1.06661461e-01	1.87392831e-02	-1.08752266e-01	-6.35585114e-02	-1.18883468e-01	1.22745737e-01	-1.37188256e-01	-7.87914395e-02	9.83454958e-02	8.07896033e-02	-7.22298846e-02	-1.32908225e-01	8.85468572e-02	4.05115597e-02	-8.90631750e-02	7.63615295e-02	4.40833978e-02	1.07919492e-01	1.50154218e-01	3.64760845e-03	
7.80092925e-02	3.61773893e-02	-1.55391246e-01	-7.96333104e-02	1.06242813e-01	-6.55457079e-02	4.84437644e-02	-1.45838633e-01	1.54439285e-01	-1.16239883e-01	9.05233622e-02	-8.02584663e-02	-1.64158680e-02	5.00531197e-02	8.08238685e-02	2.48375554e-02	3.81948166e-02	-2.62397062e-02	7.25538731e-02	-1.23958841e-01	1.29364401e-01	-5.46035208e-02	-7.23204911e-02	-8.90756324e-02	-1.43373251e-01	7.48331845e-02	2.36901063e-02	-1.42739609e-01	-1.29138961e-01	1.32276103e-01	1.46549538e-01	3.35395411e-02	-3.23839486e-02	1.40340969e-01	2.48905756e-02	-1.30208030e-01	1.07859515e-01	-1.94333284e-03	-4.06543575e-02	-1.24856845e-01	
-4.63525429e-02	1.64520293e-02	-9.20709670e-02	-3.51503827e-02	1.28513411e-01	-1.88888721e-02	9.57637653e-02	1.41289398e-01	-4.50550243e-02	5.89241572e-02	-9.42007154e-02	-3.69090624e-02	6.28968477e-02	-2.35359231e-03	-2.78650243e-02	-8.60780627e-02	1.23397470e-01	-8.00553933e-02	-1.14449903e-01	-7.67060965e-02	6.40012473e-02	-8.48386586e-02	7.14989677e-02	4.86434288e-02	-8.26509148e-02	-4.71352190e-02	9.71640125e-02	-1.69473886e-02	1.16486706e-01	-1.44004952e-02	-1.28922120e-01	-1.90765690e-02	-1.15729444e-01	-1.17137380e-01	-2.35697087e-02	-7.23586231e-02	-1.20649971e-01	-4.48398143e-02	1.50929049e-01	2.28257254e-02	
-5.79620227e-02	1.08502470e-01	8.77157599e-02	-1.26670539e-01	-4.10735607e-02	1.70786232e-01	8.47808272e-02	-6.56604916e-02	-1.56248450e-01	5.35714552e-02	-1.43659025e-01	-1.51108906e-01	-1.29863873e-01	1.43208355e-01	1.75141141e-01	-3.70261848e-01	9.09899399e-02	-8.58781040e-02	-1.08031586e-01	2.10386962e-01	-1.09060496e-01	-1.22817822e-01	8.90775621e-02	1.17001787e-01	9.58726928e-02	1.47814900e-01	1.18460283e-01	6.07481375e-02	9.77163240e-02	1.88246742e-01	9.33825895e-02	-2.07779314e-02	2.22648859e-01	-1.09930050e+00	-1.13197759e-01	-1.42372370e-01	6.46879524e-02	2.57771146e-02	8.78317729e-02	-1.71608567e-01	
1.43622011e-01	1.36450678e-01	-2.57769898e-02	-9.51563418e-02	-7.97507390e-02	-2.49689668e-02	4.92058545e-02	-1.28938705e-01	3.75558659e-02	-1.07411996e-01	-2.61572059e-02	7.39579871e-02	1.49496302e-01	3.19131650e-02	-6.15870580e-02	1.13539174e-01	-1.24422275e-01	-9.24006328e-02	-1.47612020e-01	-8.52907896e-02	-1.27404228e-01	9.87605006e-02	7.97635019e-02	-3.74787189e-02	-1.32460311e-01	1.16359763e-01	4.79168706e-02	1.44073993e-01	9.13390219e-02	-1.08598456e-01	-3.82391289e-02	-8.36890489e-02	-3.66183906e-03	-9.75556970e-02	-7.15275854e-03	1.24590419e-01	-2.61487979e-02	-1.38597369e-01	1.11056075e-01	-2.18322333e-02	
-1.41030967e-01	5.11420742e-02	1.14832021e-01	1.19424462e-01	8.85305330e-02	9.54898633e-03	6.06190376e-02	-4.02873680e-02	1.33666977e-01	9.50219855e-02	1.05899259e-01	-1.42226487e-01	-6.28191009e-02	-8.26499090e-02	7.78985322e-02	1.44604072e-01	-8.33435357e-02	-4.33882140e-02	2.73119323e-02	-2.80517302e-02	-4.33389321e-02	1.68384090e-02	-8.78635123e-02	2.72407569e-02	6.49740174e-02	-9.80542824e-02	1.23625696e-01	3.29810344e-02	-9.86847430e-02	1.28153935e-01	-5.92798702e-02	-1.09047547e-01	3.33782844e-02	6.30306751e-02	-1.58814922e-01	-2.12322194e-02	-1.33290082e-01	-3.16194780e-02	5.32987230e-02	-4.58642170e-02	
-8.39312598e-02	1.17259294e-01	-7.97090083e-02	-2.71955021e-02	1.41966820e-01	-1.38399825e-01	-3.65473330e-02	-6.65779319e-03	-2.97795366e-02	-1.22710682e-01	6.08375780e-02	-1.42921349e-02	-1.44421622e-01	3.45129594e-02	-8.82455800e-03	8.55479613e-02	5.43663315e-02	5.13303243e-02	2.44484618e-02	-1.02094680e-01	2.45865285e-02	1.19507447e-01	7.35089406e-02	3.21414806e-02	-6.96930289e-02	1.00490712e-01	5.24781868e-02	-8.04202259e-02	7.74065927e-02	-5.72977662e-02	5.84738441e-02	-8.01098645e-02	-4.19340841e-03	-1.29817188e-01	-1.47345826e-01	3.08828615e-02	1.12229049e-01	-6.77548051e-02	9.33319405e-02	1.57566667e-01	
-4.41797115e-02	4.64655459e-02	-1.09403089e-01	-1.09000571e-01	-3.20821628e-02	-9.43299234e-02	-8.23329482e-03	-7.88168311e-02	-1.37363896e-01	-1.20346949e-01	9.08321813e-02	-8.33366588e-02	-1.08857438e-01	-3.48893665e-02	-1.35314569e-01	3.73851359e-02	1.07005373e-01	-7.85349086e-02	-1.03180492e-02	-1.39880627e-01	4.68182415e-02	3.21270414e-02	-6.47268072e-03	1.46428719e-01	4.08330783e-02	1.57077909e-01	6.86499625e-02	1.22450404e-02	5.27300239e-02	1.21243708e-01	4.47564982e-02	-1.41612008e-01	1.01328589e-01	2.19530149e-04	-6.89984765e-03	6.10086285e-02	-8.34797174e-02	-1.09461971e-01	1.32510051e-01	9.89861041e-02	
5.27044833e-02	-3.67491245e-02	-5.89324720e-02	-8.91316012e-02	-1.43827349e-01	-1.26175568e-01	-3.44157964e-02	-2.81251688e-02	-1.38768733e-01	9.96293649e-02	-7.64119104e-02	-3.91522534e-02	1.27048224e-01	3.22251432e-02	-1.72752872e-01	-7.11777732e-02	-4.34402414e-02	3.44555825e-02	1.36903092e-01	-1.31332446e-02	-7.23910630e-02	-1.65677175e-01	-1.88204029e-03	-1.23562619e-01	-1.37305697e-02	-1.44505367e-01	1.26199529e-01	-8.18626732e-02	-9.00529101e-02	1.22321092e-01	-6.36786362e-03	-1.66884765e-01	-7.56118298e-02	-1.22319594e-01	-6.43791780e-02	9.55031626e-03	1.62878856e-02	9.03169736e-02	-1.25078380e-01	-2.15154067e-02	
-7.41159394e-02	-9.70625654e-02	1.45797819e-01	7.05075189e-02	-4.23631184e-02	-2.51647979e-02	2.02820703e-01	-1.00746363e-01	8.17073807e-02	7.31825233e-02	-1.56941965e-01	1.57455951e-01	3.39468606e-02	-1.27466545e-01	-5.64879598e-03	-4.08621967e-01	1.32941365e-01	-1.10973947e-01	-5.97540364e-02	1.61401585e-01	1.38854966e-01	-8.38782042e-02	1.25495046e-01	-8.45154524e-02	3.88589278e-02	-9.74968914e-03	7.62271881e-02	-5.80699407e-02	1.33320183e-01	1.27088174e-01	1.49849787e-01	6.77876696e-02	3.33438724e-01	-1.49098122e+00	-4.26954404e-02	-4.27078418e-02	-4.08939309e-02	3.64682712e-02	1.91064164e-01	-1.38973013e-01	
-4.84973527e-02	-2.82044690e-02	-2.73711514e-02	1.17381588e-01	7.16459155e-02	-4.53758091e-02	4.98756394e-02	-9.95815471e-02	-1.06338300e-01	5.77986315e-02	-4.67965640e-02	-4.15120646e-03	-9.16422904e-03	9.94045213e-02	1.12260617e-01	-9.61239357e-03	1.54695705e-01	-4.91525680e-02	-3.83003876e-02	-8.38673413e-02	-8.62151086e-02	1.02526158e-01	-9.37240347e-02	-1.46996543e-01	-1.23591684e-02	-4.58471961e-02	-2.19070613e-02	7.92845786e-02	-1.39597863e-01	-5.88719286e-02	1.36962727e-01	3.70063521e-02	3.63472328e-02	3.55249420e-02	-1.29250094e-01	-6.45599216e-02	-1.19865118e-02	-8.53738002e-03	-1.30079165e-01	-1.03300139e-01	
1.20522879e-01	-1.11933947e-01	-1.30571589e-01	-2.05348618e-02	1.28863096e-01	9.22707692e-02	7.59773180e-02	-3.07530314e-02	-8.03741813e-02	-3.12955491e-02	1.38258800e-01	5.50929690e-03	9.67861637e-02	-4.63457480e-02	-1.16649844e-01	4.18311536e-01	-7.63180628e-02	-4.86793704e-02	-3.92120369e-02	-8.59442204e-02	-9.25217718e-02	1.75080433e-01	4.87489142e-02	1.80761311e-02	2.12506816e-01	1.76424459e-01	-1.14785425e-01	6.31373450e-02	3.01534832e-02	-1.62111595e-01	1.02820463e-01	2.31973603e-01	-2.72722900e-01	9.47178364e-01	1.57569423e-01	2.45836094e-01	9.27040279e-02	1.41868457e-01	1.38722762e-01	-9.41016376e-02	
-3.45118791e-02	1.04839168e-01	-1.23099960e-01	-4.56576906e-02	-3.14147361e-02	-9.06423703e-02	-1.57514185e-01	-3.71504687e-02	7.72447363e-02	1.39733195e-01	-1.22677587e-01	-1.25958979e-01	3.66467945e-02	-8.35589543e-02	1.47829857e-02	4.60760854e-02	1.05307616e-01	1.07058823e-01	1.62360445e-02	-1.18324526e-01	-3.07876579e-02	5.69532178e-02	-9.73848701e-02	6.06264547e-02	8.74153450e-02	-1.43387303e-01	9.94845629e-02	-9.66401249e-02	7.40055516e-02	-8.81614834e-02	1.45359978e-01	1.00935519e-01	3.30705605e-02	1.12122253e-01	-1.42486975e-01	-6.47372752e-02	-1.66915506e-01	6.55804947e-02	1.24965712e-01	-3.11550219e-02	
1.12880759e-01	1.60733923e-01	2.49333633e-03	-3.34166475e-02	-3.57441567e-02	-1.69743933e-02	-6.02871776e-02	1.53119087e-01	1.25153735e-01	-9.03278142e-02	3.38061340e-02	5.26337139e-02	9.88179147e-02	-5.71289137e-02	1.58076018e-01	-3.55569094e-01	1.74329970e-02	-9.07835364e-02	-6.88058436e-02	-7.96650723e-02	1.38890058e-01	-1.49537563e-01	2.65299412e-03	-1.33244647e-02	-1.06539801e-01	1.41785741e-01	-1.10873461e-01	-9.40020159e-02	1.20139785e-01	1.58895925e-01	7.88153559e-02	1.59353614e-01	1.99621812e-01	-1.63229799e+00	8.74102022e-03	-4.46826629e-02	-9.96754691e-02	9.68157127e-03	1.08518682e-01	-1.35293052e-01	
1.01203755e-01	4.36768681e-02	1.14944682e-03	1.53600097e-01	5.21851256e-02	4.28800983e-03	-7.31948242e-02	1.35682151e-02	-7.79879391e-02	1.28723547e-01	-1.08516298e-01	-4.23168652e-02	-1.40672654e-01	-9.94425565e-02	-5.29921874e-02	1.01215407e-01	-1.26083568e-01	9.10578892e-02	7.07276515e-04	2.39734389e-02	5.90729304e-02	1.27173036e-01	-8.62223282e-02	1.40477940e-01	-3.09529975e-02	6.65694326e-02	-1.05395868e-01	-1.99904181e-02	1.20849773e-01	-5.46196736e-02	1.38903007e-01	1.31148264e-01	2.12442316e-02	1.37763098e-01	-1.05420485e-01	1.57344148e-01	-1.51556760e-01	-2.96041500e-02	-9.49390903e-02	8.70712176e-02	
-6.71648681e-02	-4.34485227e-02	6.05704915e-03	7.72844553e-02	-1.36641279e-01	-3.97108756e-02	1.83370322e-01	-4.67885956e-02	-1.52118355e-02	1.80985063e-01	1.23316497e-02	1.03159454e-02	-4.02363315e-02	1.38077453e-01	-5.91208935e-02	-5.29423237e-01	1.31106004e-01	-2.56868396e-02	1.02689490e-01	1.91587745e-03	-1.50503889e-01	2.38748416e-02	-1.10511810e-01	1.19013349e-02	7.68093169e-02	1.48598803e-02	6.72265980e-03	-4.22411114e-02	2.44429652e-02	-3.04081980e-02	1.25118673e-01	-1.02924563e-01	1.06062643e-01	-1.55777955e+00	1.84589043e-01	-8.20828527e-02	3.48018780e-02	7.13397190e-02	-7.58976117e-02	-2.02629883e-02	
1.22848384e-01	-9.72526614e-03	1.42178431e-01	5.58660403e-02	-1.36934549e-01	8.68946314e-02	1.51449934e-01	-1.68490093e-02	-4.76025902e-02	-1.24472015e-01	-7.89396614e-02	1.07388444e-01	6.32359385e-02	-5.87100834e-02	-1.75183967e-01	4.96782333e-01	-1.57322481e-01	-3.23077221e-03	5.52546978e-02	-2.25521803e-01	9.41909328e-02	1.54951543e-01	9.00174901e-02	-1.56881139e-01	-5.72543070e-02	2.24277452e-01	6.17051218e-03	1.22331008e-01	1.34471534e-02	-1.83480736e-02	-8.09502136e-03	9.04453248e-02	-5.79807125e-02	1.24445069e+00	1.26038834e-01	7.98380300e-02	2.23315526e-02	5.90893812e-02	-1.39659256e-01	6.72221482e-02	
1.23970449e-01	-1.18791744e-01	1.55607104e-01	9.14502237e-03	1.16006859e-01	-5.63778952e-02	-1.27765924e-01	9.64804366e-02	-4.39266115e-02	3.19481306e-02	-1.25983417e-01	-8.59497562e-02	1.29404515e-01	-1.40068665e-01	1.93025190e-02	1.56399563e-01	1.35206774e-01	-8.24168231e-03	-9.36527997e-02	5.19945472e-02	-9.41529498e-02	-4.20141919e-03	1.34315401e-01	1.10471919e-01	-3.96623723e-02	-9.15274322e-02	2.86127124e-02	1.05508864e-02	-6.49595335e-02	-1.61931328e-02	-1.41704669e-02	-1.42484650e-01	3.08242794e-02	1.07220851e-01	-1.49122626e-01	-1.38103336e-01	3.10626961e-02	6.14596792e-02	-1.86888631e-02	-2.82106902e-02	
3.49439830e-02	5.71555283e-04	-9.86285806e-02	6.15594052e-02	-1.00903422e-01	-1.32172570e-01	-8.81137922e-02	2.05322221e-01	9.87244844e-02	-1.49704829e-01	1.53581232e-01	3.86568382e-02	7.29334876e-02	-9.62634981e-02	-2.84266099e-02	3.46472353e-01	1.55351013e-01	3.93070616e-02	1.08480453e-02	-1.34562895e-01	-1.21871881e-01	1.75337642e-01	7.09062070e-02	-5.55450469e-02	3.06668263e-02	1.42048029e-02	1.60517871e-01	1.67962253e-01	-6.75011650e-02	-6.92559853e-02	8.93089250e-02	1.75100237e-01	-9.96516049e-02	1.20411849e+00	-5.83347678e-02	1.76218897e-01	9.33105201e-02	5.13342358e-02	3.49387042e-02	1.61168262e-01	
1.55022770e-01	1.77629516e-01	1.18065076e-02	-1.43300220e-01	-9.00973529e-02	-1.54578814e-03	1.00886330e-01	3.61003354e-02	1.51498348e-01	-3.63672599e-02	6.13124706e-02	-5.12114204e-02	-9.29787531e-02	-1.31931946e-01	-1.02935761e-01	-4.27259058e-01	1.18834198e-01	1.45303816e-01	-1.21703975e-01	1.85153782e-01	-7.86333755e-02	8.18221420e-02	-1.45798266e-01	-5.84474765e-02	5.01037750e-04	-1.23902380e-01	-1.05720758e-01	1.05885349e-01	-8.20720643e-02	-1.58497058e-02	-9.97983068e-02	1.04281574e-01	1.18423790e-01	-1.04810250e+00	1.82369143e-01	5.58337495e-02	-1.26776397e-02	4.69399318e-02	-5.63390478e-02	-2.21789345e-01	
7.63962194e-02	7.02362806e-02	-9.77993384e-02	1.04030490e-01	-2.72334553e-02	8.18408653e-02	5.89076877e-02	5.13014123e-02	1.04497731e-01	1.26336426e-01	-8.36970806e-02	1.53421715e-01	-1.55304655e-01	-1.16716996e-01	-5.67811131e-02	4.60794151e-01	-1.50812387e-01	9.85523500e-03	1.23362459e-01	-1.56809732e-01	1.66963730e-02	1.34884194e-01	1.29115149e-01	-6.22997433e-02	4.41388823e-02	7.14367405e-02	1.77643895e-01	-6.63271621e-02	8.02230164e-02	-1.65394172e-01	-9.84203964e-02	1.34960949e-01	-2.28567690e-01	1.19763327e+00	-3.06831971e-02	1.11262143e-01	1.31651700e-01	-4.09521163e-02	1.75990283e-01	7.25727454e-02	
1.16514541e-01	1.44389078e-01	-3.11278366e-02	-5.24250902e-02	-8.27577263e-02	-2.21623238e-02	4.20003906e-02	1.06655866e-01	-1.54546157e-01	-2.58187912e-02	-4.31776419e-02	1.97055936e-01	3.90167311e-02	6.12229258e-02	3.06822881e-02	2.27710381e-01	7.29444390e-03	1.19251028e-01	1.70694906e-02	-1.02994014e-02	4.45327489e-03	-4.61757630e-02	2.99495216e-02	-1.11028954e-01	1.49163976e-01	2.31043041e-01	-1.35956749e-01	4.62018587e-02	1.69603944e-01	9.34586227e-02	1.27198815e-01	2.48332202e-01	-5.60063533e-02	6.82684660e-01	8.05334076e-02	1.57655537e-01	1.45395100e-01	1.87132955e-01	6.87640067e-03	2.08089147e-02	
-9.10199732e-02	2.46464133e-01	1.39617726e-01	4.21246067e-02	6.59390166e-02	-2.23549139e-02	-3.52053754e-02	-1.18269056e-01	1.72576297e-03	1.22536421e-01	-4.01708521e-02	-1.67093910e-02	-6.50511533e-02	-9.30975229e-02	1.43280476e-01	1.12107815e-02	1.48321688e-01	1.44880980e-01	1.99520905e-02	1.72527775e-01	1.53030321e-01	-1.96717735e-02	3.60043198e-02	3.00030075e-02	-9.26133543e-02	5.24861477e-02	2.74713546e-01	-2.83310544e-02	-2.20042884e-01	1.09847486e-01	9.05230269e-02	-5.76553866e-02	-5.31199694e-01	-7.68343061e-02	3.37347537e-02	1.51823446e-01	-2.50743985e-01	1.02056101e-01	-6.83775246e-02	-3.80335659e-01	
1.65262386e-01	-6.74869046e-02	-5.75574227e-02	-9.17230248e-02	-1.11905947e-01	8.34658816e-02	1.69405982e-01	1.17366523e-01	-2.60431711e-02	2.15842396e-01	3.48828249e-02	1.56698838e-01	3.83546911e-02	1.23463482e-01	-8.38427525e-03	-5.05159259e-01	9.15307850e-02	2.82323118e-02	1.80487067e-01	1.37315050e-01	-3.17439064e-02	-1.34771159e-02	-9.38381702e-02	-6.36549219e-02	1.34042531e-01	2.89673414e-02	1.68115839e-01	-7.63958469e-02	2.56886743e-02	7.48835579e-02	1.35434896e-01	-7.78299943e-02	2.07572967e-01	-1.01350331e+00	1.64588705e-01	-2.56572366e-01	1.26305550e-01	1.71193480e-01	2.37564668e-01	-1.42001867e-01	
2.37181988e-02	1.77750811e-01	-3.76338065e-02	-7.35352337e-02	-1.17336862e-01	1.87961370e-01	1.45486236e-01	9.71130580e-02	-1.04530677e-01	-4.13044877e-02	-9.04579759e-02	-1.85058098e-02	-1.55250430e-02	1.40607402e-01	1.50405951e-02	-4.47627097e-01	5.54744601e-02	-1.82530135e-02	1.63382396e-01	1.39749855e-01	8.64131302e-02	4.77062501e-02	2.94561666e-02	1.23839229e-01	6.64408952e-02	6.15425743e-02	2.16603830e-01	9.06718224e-02	-7.35323206e-02	3.37488055e-01	-5.56386150e-02	1.70749664e-01	1.25045583e-01	-2.45357826e-01	2.02884361e-01	-1.30181015e-02	2.30054945e-01	9.89655554e-02	2.10844040e-01	-1.33763149e-01	
1.00006741e-02	-8.50557759e-02	1.58771928e-02	-1.26865193e-01	3.42308879e-02	-7.56351184e-03	7.87562132e-02	7.41457194e-02	6.92884997e-02	8.98730159e-02	-4.84734327e-02	-7.62021393e-02	1.04407351e-02	1.87998544e-02	2.39547908e-01	-6.17387034e-02	3.38162370e-02	1.44183859e-01	-7.27497190e-02	1.63649783e-01	1.11044481e-01	-3.25004384e-02	7.60292187e-02	1.10015593e-01	2.42996234e-02	-7.37016574e-02	7.99479708e-02	1.12220071e-01	6.06308645e-03	-9.46873426e-02	9.66324508e-02	-8.92284289e-02	-1.13223687e-01	-5.16738780e-02	-8.68000835e-02	1.42067209e-01	-1.61708981e-01	-6.04395233e-02	-1.10915579e-01	9.24984179e-03	
-4.70238030e-02	-9.14554447e-02	-3.85506973e-02	-5.04373312e-02	-3.26395370e-02	1.30515546e-01	-5.28276600e-02	-7.06847683e-02	9.61450636e-02	-1.36116549e-01	-8.80644247e-02	1.29565950e-02	-4.94043864e-02	-1.47418633e-01	8.07702616e-02	8.76264572e-02	-2.43098494e-02	1.54051453e-01	-7.79129639e-02	2.59144343e-02	-1.21076241e-01	1.15268875e-03	2.63474640e-02	6.30265847e-02	-7.90855363e-02	-7.98267946e-02	-6.11806251e-02	7.45718852e-02	7.72309750e-02	-1.55702233e-01	1.17027909e-01	8.16029385e-02	3.16670202e-02	9.19077545e-02	1.71189033e-03	-6.16932511e-02	-1.07612558e-01	1.09001257e-01	-7.37405494e-02	-9.92308706e-02	
1.33780435e-01	4.98605594e-02	-8.76000151e-03	-5.73517084e-02	2.24889424e-02	-4.71814210e-03	1.77019551e-01	-2.37636510e-02	8.42922647e-03	-4.42361198e-02	-5.08406339e-03	1.41218498e-01	-2.45009568e-02	-9.89612192e-02	6.28223047e-02	2.70742983e-01	7.49427527e-02	-1.11301959e-01	1.27577083e-02	-7.81757757e-02	-7.41217239e-03	1.20133378e-01	1.85885597e-02	-1.43600583e-01	8.74698311e-02	1.34792879e-01	4.70208637e-02	-5.54032922e-02	1.44062832e-01	2.41069626e-02	-5.98254055e-03	3.99666950e-02	-2.41743296e-01	9.12982106e-01	1.36990562e-01	1.87272236e-01	1.74274802e-01	-4.88068648e-02	1.75208822e-01	-5.45582958e-02	
4.92812209e-02	-1.91437323e-02	-1.43017143e-01	1.36315182e-01	-5.71077317e-02	1.05157770e-01	-9.95252952e-02	3.05333408e-03	-1.27074301e-01	2.05877841e-01	-9.37346835e-03	-8.75199065e-02	7.10585415e-02	4.24526297e-02	1.06724575e-01	-4.71839339e-01	-5.98117039e-02	-2.68457532e-02	1.31543830e-01	1.79378554e-01	1.10013217e-01	-1.37084559e-01	-1.45213068e-01	-2.86544627e-03	1.27871022e-01	1.21733539e-01	8.88323635e-02	-5.80485910e-02	-8.82072374e-02	9.49551687e-02	-3.28135863e-02	1.39829084e-01	2.22381875e-01	-1.53134203e+00	1.56215072e-01	-2.25672513e-01	-1.39404029e-01	-5.92569076e-02	9.43139344e-02	-9.32686105e-02	
-3.37257564e-01	3.50310653e-01	-1.47081807e-01	-2.00362783e-02	1.25370055e-01	-2.40361258e-01	3.72658148e-02	5.03321141e-02	-1.57672539e-01	1.02026328e-01	-1.37422428e-01	-2.50383377e-01	3.44923027e-02	-1.39564909e-02	2.04301223e-01	-5.69679976e-01	-1.52271047e-01	1.88739970e-01	-2.15284809e-01	2.25424707e-01	6.86522247e-03	-8.47269669e-02	3.33912224e-02	1.37332156e-02	1.17665298e-01	-5.54826818e-02	1.18467070e-01	-8.80067125e-02	-6.74979612e-02	1.54667303e-01	-1.04554616e-01	3.02863661e-02	1.79448485e-01	6.24877959e-02	1.33705018e-02	4.51559424e-01	-1.23366922e-01	1.14366211e-01	-1.83192551e-01	-5.47941625e-02	
-1.76497176e-02	1.31583571e-01	-3.44726406e-02	2.48727258e-02	7.88528398e-02	1.72037095e-01	-5.30850105e-02	7.99283087e-02	7.56655782e-02	-8.85215700e-02	7.88167715e-02	8.75153244e-02	1.38039023e-01	1.27465174e-01	2.60841474e-02	-4.47930098e-01	1.36990920e-01	4.34416719e-02	3.03726234e-02	1.36161730e-01	-1.55511260e-01	9.57662538e-02	-5.86441234e-02	8.14717337e-02	-3.74952406e-02	-9.34117436e-02	-2.14858316e-02	-5.41394316e-02	-3.28518227e-02	-1.17600495e-02	1.48903474e-01	2.61932220e-02	1.10446863e-01	-1.53228438e+00	7.50290602e-02	-1.69732198e-01	-1.00732855e-01	2.02675629e-02	9.75437388e-02	-1.00043781e-01	
1.24934830e-01	1.08364575e-01	-1.01745978e-01	-3.88507098e-02	1.21556833e-01	1.01796620e-01	3.44916992e-02	4.01924402e-02	2.62482055e-02	1.26907557e-01	6.55594617e-02	-1.40730783e-01	1.10493444e-01	1.64657667e-01	1.41404063e-01	-2.66979367e-01	-1.09557040e-01	6.12708181e-02	5.36510767e-03	7.06192628e-02	9.97458864e-03	2.84084957e-02	-3.65603603e-02	-7.03568757e-02	-1.03252284e-01	3.56552079e-02	7.99579397e-02	-1.15951538e-01	6.41882494e-02	1.66701451e-01	1.50875300e-01	-1.48247220e-02	3.06802336e-02	-1.04234815e+00	1.33834869e-01	-1.45778149e-01	-5.89801669e-02	-2.60919053e-02	-1.39685601e-01	-1.32728636e-01	
1.02613546e-01	-1.15323931e-01	-2.54452359e-02	-1.33692414e-01	-1.04180597e-01	1.33156672e-01	-7.28775337e-02	-1.06948532e-01	-1.08509436e-01	8.89547393e-02	1.17611349e-01	9.76561084e-02	5.27096465e-02	-8.53791907e-02	7.14875534e-02	-1.28073573e-01	-9.44923982e-02	-1.08249590e-01	1.20107301e-01	1.01695761e-01	-6.16209256e-03	9.69489142e-02	-8.93940926e-02	-9.04875472e-02	2.73734052e-02	-9.44686383e-02	-1.28132835e-01	-6.30856380e-02	-9.13314372e-02	1.12539895e-01	-1.36374459e-01	8.97010043e-02	-9.50866565e-02	-1.42250687e-01	-9.64384899e-02	-3.95346135e-02	-4.49752174e-02	7.52402246e-02	7.40518197e-02	1.39199913e-01	
9.70655903e-02	2.06019208e-01	8.54533240e-02	-1.30126774e-01	1.57184020e-01	-1.23463914e-01	2.20876649e-01	8.52299556e-02	6.54753074e-02	-6.36447966e-02	1.44110136e-02	1.18966885e-02	-6.38339296e-02	1.43084660e-01	-3.13163102e-02	-3.56385589e-01	4.67957519e-02	2.55415104e-02	6.13621389e-03	1.86299935e-01	1.08705573e-01	-1.14071913e-01	8.54786709e-02	1.12426959e-01	7.60193169e-02	-9.53433961e-02	1.35007232e-01	-6.30688667e-02	1.25434637e-01	2.14042380e-01	-6.31870031e-02	-1.46120619e-02	1.65455565e-01	-1.50472379e+00	4.85600457e-02	-7.10003525e-02	8.95945132e-02	1.84944376e-01	-8.20509940e-02	-4.25477214e-02	
1.53060153e-01	3.78669500e-02	-1.01481684e-01	1.10535756e-01	-9.46747884e-02	-1.20060675e-01	1.75558090e-01	3.57503183e-02	-1.00635752e-01	-8.48620534e-02	-1.39310837e-01	-5.94498813e-02	9.42211691e-03	-4.05931100e-02	8.71605501e-02	4.80975986e-01	7.55140930e-02	2.45108996e-02	-6.77143186e-02	-2.87516648e-03	-4.89538684e-02	2.31422260e-01	2.28572056e-01	1.33269161e-01	1.05245776e-01	1.02991939e-01	2.18852013e-02	-5.41224799e-05	8.95544142e-02	-5.69101796e-02	-2.76643801e-02	1.18976496e-02	-3.04448605e-01	8.14418733e-01	2.60935009e-01	1.71695888e-01	3.89564633e-02	2.28986204e-01	1.30177885e-01	1.36117160e-01	
-5.64239249e-02	-9.40584391e-02	2.73679476e-02	-1.47255629e-01	1.01584561e-01	8.05843845e-02	1.37465596e-01	-7.31550809e-03	1.34988233e-01	1.65885404e-01	-9.04179811e-02	2.53288671e-02	7.57754520e-02	-3.21074538e-02	1.14655152e-01	-4.62934375e-01	-9.54503417e-02	1.48563564e-01	-9.46537703e-02	1.83137029e-01	-6.40395656e-02	-1.26391917e-01	9.79031250e-02	-5.32069132e-02	9.19117108e-02	9.61333215e-02	7.26694837e-02	6.09493591e-02	2.47055104e-05	-1.00163678e-02	8.24841484e-02	2.78068464e-02	6.53104782e-02	-1.27848065e+00	-9.90979448e-02	-7.66973570e-02	7.88432807e-02	1.37205452e-01	-9.63553600e-03	-8.82236436e-02	
-1.04529429e-02	-8.51635635e-02	-1.45854009e-02	1.21942788e-01	1.13338999e-01	-1.23841926e-01	1.83113351e-01	5.50098792e-02	7.66903460e-02	3.71337985e-03	-1.40296131e-01	2.37619933e-02	1.16959512e-01	-9.90574509e-02	1.15830086e-01	-1.76775247e-01	8.25691000e-02	1.84861228e-01	1.26960322e-01	6.85873032e-02	-3.30266878e-02	-5.47914244e-02	-6.57877326e-02	-3.87441777e-02	1.06051061e-02	8.58817771e-02	1.44584119e-01	-1.05307013e-01	-1.24293581e-01	1.12805955e-01	-2.23023929e-02	8.28448310e-02	1.16055928e-01	-1.55048740e+00	1.67546332e-01	-1.84592575e-01	-5.11314496e-02	9.73706171e-02	5.23164608e-02	-2.37073570e-01	
-1.48714602e-01	-1.00161526e-02	-9.71436277e-02	-3.12349722e-02	4.64870594e-02	-4.18253951e-02	-1.54963538e-01	1.15459576e-01	9.26535800e-02	1.03099681e-01	3.24682221e-02	-1.49070695e-01	1.49606675e-01	-1.21505566e-01	-6.44507110e-02	1.29692927e-01	8.00831765e-02	-9.45581496e-02	-1.02993645e-01	-3.35587300e-02	6.57769814e-02	-1.89018276e-04	-2.21706703e-02	-4.28850353e-02	1.02863640e-01	6.38950020e-02	1.12757497e-01	1.42237350e-01	1.14346445e-01	1.51151363e-02	-1.05873525e-01	-1.61438987e-01	5.31367511e-02	1.12911746e-01	-1.50127500e-01	1.74359754e-02	1.20899253e-01	1.19434714e-01	1.37675822e-01	1.27435252e-01	
1.18099060e-02	4.02848899e-01	4.08304948e-03	7.55627826e-02	6.37150481e-02	1.81295499e-01	6.86071068e-02	8.06609169e-02	-4.99398001e-02	-5.55403866e-02	-1.34671375e-01	-3.26428115e-01	9.64912027e-02	1.81872144e-01	6.98260516e-02	1.74110472e-01	-1.32438198e-01	2.96178795e-02	1.28545659e-02	5.27332583e-03	-5.27611598e-02	-2.53466427e-01	-3.01227897e-01	-1.08252771e-01	2.04173714e-01	-7.11373612e-02	4.94442195e-01	3.02976280e-01	4.53442410e-02	2.44295914e-02	3.13628055e-02	3.39545719e-02	4.16555524e-01	1.68419445e+00	2.43140329e-02	-4.40497905e-01	2.16547269e-02	7.72910416e-02	-1.37899891e-01	-9.13301468e-01	
-5.53063676e-02	1.47083541e-02	-9.99651924e-02	7.96021614e-03	3.98294181e-02	-3.21250670e-02	7.54273087e-02	-5.77511080e-02	1.08225860e-01	1.65744692e-01	-1.57187581e-01	8.77822116e-02	6.34027496e-02	-4.52032574e-02	7.21907243e-02	2.56070256e-01	2.58671623e-02	1.62176386e-01	5.94759099e-02	-1.08061694e-01	-4.09326740e-02	1.99374259e-01	-7.04094023e-02	-4.19065682e-03	2.08674714e-01	-4.42655794e-02	-2.96737347e-02	-3.43197770e-02	1.48076683e-01	-7.08837295e-03	-4.48363051e-02	4.53241356e-02	-1.80110753e-01	1.29981160e+00	6.79516941e-02	3.16012561e-01	2.19155475e-02	3.21333520e-02	7.77503103e-02	1.85286552e-01	
-3.18411626e-02	6.57902509e-02	1.03765458e-01	1.03748567e-01	6.09346665e-02	3.60793956e-02	-1.30012363e-01	-3.44918296e-02	-1.35995716e-01	3.80376667e-01	1.23757049e-01	-1.35750443e-01	1.07179642e-01	1.60619721e-01	9.41953436e-02	2.78201252e-01	-1.55150428e-01	1.54044360e-01	-1.69327676e-01	-2.70435214e-02	-1.11434720e-02	4.38493937e-02	1.39862204e+00	2.05255568e-01	8.83323103e-02	1.68641955e-01	1.11614771e-01	3.34978402e-02	2.39449441e-01	6.69132352e-01	1.74243614e-01	-1.21149970e-02	8.73985589e-02	7.56823793e-02	7.88805485e-02	3.36390108e-01	9.23487451e-03	2.58032661e-02	1.02927101e+00	-1.13004349e-01	
-7.39793256e-02	-1.39893308e-01	-1.06969113e-02	2.18649611e-01	1.27654612e-01	-1.13730945e-01	-1.47712529e-01	1.01783752e-01	-1.28796533e-01	2.51396477e-01	1.38329700e-01	4.76734452e-02	6.52711242e-02	2.41490141e-01	-4.81194369e-02	1.04109228e-01	-2.42321044e-01	1.52922571e-01	-3.16208042e-02	1.02494717e-01	-1.87524289e-01	3.36955935e-02	2.12999433e-01	2.58067608e-01	1.82217881e-02	7.90155455e-02	-4.63243872e-02	-6.79986998e-02	-1.31248152e-02	-1.67243499e-02	2.53020346e-01	9.93324444e-02	1.08857349e-01	2.72253722e-01	-2.38559917e-02	1.71771169e-01	-2.46241204e-02	-5.56136034e-02	4.58011925e-01	6.69564754e-02	
-1.08151309e-01	-8.03635865e-02	8.24185833e-02	-3.87383588e-02	-1.23614930e-01	-9.59708393e-02	-8.57732370e-02	1.15398072e-01	-1.15252450e-01	9.16725304e-03	-1.26050204e-01	3.39881703e-02	-1.39050275e-01	1.72647581e-01	3.25852707e-02	1.84559807e-01	-2.55819619e-01	-7.83316419e-02	2.91842166e-02	-5.95997684e-02	-1.71148062e-01	8.74771029e-02	7.21464381e-02	2.27454498e-01	1.75473746e-02	2.07705185e-01	5.92005737e-02	3.09691168e-02	2.83433765e-01	6.35332242e-02	1.02668270e-01	1.84924021e-01	-1.64916009e-01	1.96051478e-01	-6.65538684e-02	1.69184789e-01	1.67963132e-01	8.96154717e-02	6.25988483e-01	-2.36487508e-01	
-2.37256549e-02	-6.96563870e-02	-1.49036378e-01	-2.33992338e-01	-7.94383436e-02	-6.43045967e-03	6.19285367e-02	1.17897548e-01	3.31149921e-02	-5.35775200e-02	-5.69396205e-02	1.03866436e-01	1.36898905e-01	-5.80439121e-02	1.02622196e-01	-5.61586544e-02	4.45439257e-02	-6.38585836e-02	8.74446779e-02	-1.05960317e-01	1.27021849e-01	1.94445595e-01	-3.72123986e-01	8.68663341e-02	1.24660596e-01	-1.56068429e-01	1.42802973e-03	2.07314372e-01	-1.55549303e-01	-1.91312224e-01	-1.10577732e-01	-9.56941117e-03	1.04330584e-01	5.64469732e-02	2.09190592e-01	-3.85150351e-02	7.15850517e-02	-9.93782431e-02	-6.60202146e-01	6.88044727e-02	
-1.19619086e-01	8.22631717e-02	-1.48335055e-01	2.71737874e-01	-1.06352642e-01	2.19473522e-03	1.58238504e-02	-1.45834893e-01	-2.65398454e-02	1.94072172e-01	-9.92905796e-02	-6.88518956e-02	-1.26184514e-02	9.30490643e-02	-6.89477324e-02	7.89383873e-02	-2.14721672e-02	1.03379950e-01	-9.64069217e-02	1.44066155e-01	-2.19826669e-01	-7.29803219e-02	2.64549613e-01	1.73557192e-01	1.48153588e-01	1.02496870e-01	1.17642432e-01	-1.09711647e-01	2.41734639e-01	7.69203827e-02	2.43153170e-01	4.92023081e-02	7.00103818e-03	2.27804989e-01	1.26030058e-01	-1.88470520e-02	2.05348924e-01	6.49516135e-02	3.99185568e-01	-6.62843361e-02	
3.25327031e-02	1.05124764e-01	-2.12072488e-02	1.03646256e-01	-1.08385637e-01	1.32671282e-01	1.41869694e-01	-4.24872376e-02	-9.21364129e-02	8.00413266e-02	6.24081604e-02	7.60493353e-02	-1.46393210e-01	-1.54255643e-01	4.98970896e-02	-4.57909517e-02	5.09149730e-02	-5.28302975e-03	-2.94076912e-02	-5.28807566e-02	-6.71240166e-02	-5.82598560e-02	1.25400051e-01	1.16285667e-01	-1.20922208e-01	9.95127335e-02	-1.56186432e-01	1.18959725e-01	-1.98890897e-03	-1.26088187e-01	-1.01624593e-01	3.30369994e-02	-9.44801047e-02	-8.17653760e-02	-8.93293764e-04	1.19379297e-01	-3.26612517e-02	9.36999023e-02	1.23356700e-01	-3.53383981e-02	
1.46048680e-01	-4.04088907e-02	-3.61443833e-02	1.23838902e-01	-1.45448953e-01	3.11693233e-02	-5.93217313e-02	-1.57286450e-01	1.52984217e-01	1.29636901e-03	-1.29472278e-02	-1.50327340e-01	2.75979191e-02	-9.85855535e-02	-1.47868395e-01	4.57222760e-02	9.19682235e-02	9.15646777e-02	7.20713707e-03	-4.24047634e-02	-1.01008162e-01	4.36071120e-02	-6.98184967e-02	1.10265233e-01	-9.46612656e-03	-3.06884758e-02	-1.00067826e-02	5.03593646e-02	-9.06171426e-02	-1.02938384e-01	-1.08109340e-01	5.47287334e-03	7.23141581e-02	9.91345420e-02	-1.54702831e-02	2.20708339e-03	1.13815077e-01	-1.82266384e-02	8.18815529e-02	8.17578752e-04	
-7.64311552e-02	8.50952193e-02	-6.81832135e-02	-2.36136490e-03	-1.13876343e-01	9.65591371e-02	9.77687985e-02	2.70904768e-02	-6.81153834e-02	1.05757400e-01	5.25739938e-02	-1.37149438e-01	-4.32340465e-02	2.98900962e-01	-1.51592821e-01	2.85145849e-01	-2.10264385e-01	-1.17863297e-01	-8.42770040e-02	-5.91936372e-02	-1.44446269e-01	1.50230840e-01	2.99082518e-01	1.09242931e-01	-2.54570879e-02	2.09241614e-01	7.30756447e-02	5.42119890e-02	2.33260125e-01	2.60202885e-01	2.71047235e-01	3.74559835e-02	1.21696308e-01	1.85451478e-01	1.14792109e-01	2.40548149e-01	1.23526148e-01	1.60466284e-02	4.97072399e-01	-1.06621981e-01	
-2.20934562e-02	-8.33289139e-03	-1.19365238e-01	-5.58374031e-03	-7.66419023e-02	-8.28615203e-02	-1.33472562e-01	1.14102542e-01	7.51384208e-03	6.28200173e-02	1.06644832e-01	1.19000331e-01	-2.89738718e-02	-1.06437981e-01	1.27050549e-01	-1.11159243e-01	-1.64830849e-01	6.27669841e-02	-5.69615550e-02	7.38099590e-02	9.25795455e-03	5.31197563e-02	-1.23835869e-01	-6.36892244e-02	-8.86142030e-02	9.91563033e-03	2.79090740e-02	-5.98467924e-02	-1.36982247e-01	-1.58119965e-02	-1.41885146e-01	1.23721138e-01	-1.29143059e-01	7.43214265e-02	7.31301457e-02	-1.04291201e-01	3.26506868e-02	-6.84155002e-02	8.14946890e-02	-4.18412127e-02	
-1.06447093e-01	-1.52900741e-01	-5.48963584e-02	-3.54731865e-02	1.55593216e-01	-9.57334936e-02	3.50220241e-02	2.69347299e-02	3.82578522e-02	1.40462378e-02	-1.36941761e-01	-2.53395755e-02	-2.63413657e-02	1.21617042e-01	1.36893794e-01	2.82458305e-01	-8.49837959e-02	-5.71536496e-02	-2.24050373e-01	2.11606562e-01	-1.11951925e-01	-5.22593819e-02	9.94213596e-02	1.80608243e-01	1.43557101e-01	1.89679474e-01	-1.20938435e-01	-8.62151664e-03	2.90594429e-01	2.08243102e-01	2.01242357e-01	2.46404167e-02	2.84425020e-02	3.96289341e-02	4.10099030e-02	3.88143281e-03	8.20413083e-02	-1.83539838e-01	3.77717346e-01	-1.32787034e-01	
4.71985675e-02	-1.23634472e-01	1.29376784e-01	6.33238330e-02	-1.57328919e-01	5.91332279e-02	1.32472040e-02	4.17425260e-02	-1.54218942e-01	-4.04866859e-02	1.53142512e-01	3.69577408e-02	6.17911294e-02	-1.20160528e-01	1.06589302e-01	-1.40081570e-01	-3.25704701e-02	1.47679627e-01	2.53832564e-02	1.10587679e-01	-6.70397431e-02	4.80329692e-02	-5.52113652e-02	1.03811875e-01	-1.61293834e-01	2.96190027e-02	-1.30630713e-02	5.08468449e-02	-6.80014193e-02	-8.63789022e-02	-1.28404006e-01	1.34078875e-01	-7.44158924e-02	-6.72154427e-02	-2.78623984e-03	-3.05979047e-02	-5.53290471e-02	5.34687750e-02	1.43921360e-01	-1.45795643e-01	
3.52692232e-02	8.48857537e-02	-7.58548155e-02	2.24734262e-01	-1.42980799e-01	2.84846853e-02	3.78029719e-02	1.50857344e-01	-7.33295223e-03	1.69375196e-01	1.10111140e-01	6.48775771e-02	-1.35696054e-01	1.25292420e-01	1.43440917e-01	2.77543843e-01	-1.62386015e-01	-3.81292985e-03	-2.11462840e-01	1.16808414e-01	6.30273521e-02	3.91518250e-02	2.87846118e-01	-3.20540629e-02	7.44563565e-02	1.99334919e-01	-6.25324100e-02	-1.97118551e-01	1.29914507e-01	-4.50755730e-02	1.54237956e-01	2.23903090e-01	-4.27532569e-02	4.51536365e-02	6.34233356e-02	7.53287226e-02	2.02026203e-01	1.09573953e-01	3.31553549e-01	-2.16746815e-02	
-5.44738621e-02	1.53412431e-01	9.42952409e-02	7.90563375e-02	2.76559182e-02	-9.43294168e-02	-8.53882954e-02	1.18127823e-01	-9.93856564e-02	2.44656712e-01	3.52262286e-04	-8.91481861e-02	-2.21507791e-02	1.02998599e-01	-1.27337918e-01	2.39881441e-01	-7.88462698e-04	-1.22574367e-01	-6.67101741e-02	2.12631494e-01	2.19800510e-02	-8.00389871e-02	3.06089818e-01	2.08093822e-01	8.07129890e-02	1.80388674e-01	2.66493615e-02	-8.13580900e-02	1.28303587e-01	1.07586697e-01	1.11627430e-01	2.15795696e-01	-8.79510194e-02	2.35059172e-01	-1.81333609e-02	2.52558589e-01	2.40629204e-02	-9.36285555e-02	5.83161712e-01	-1.71434343e-01	
1.20724604e-01	7.22078681e-02	-1.39080718e-01	1.09079756e-01	1.26859978e-01	4.96835224e-02	5.17603904e-02	-6.12744316e-02	5.62965386e-02	1.08954713e-01	-9.36080217e-02	7.77551681e-02	1.52581289e-01	1.93124264e-01	-1.11124059e-03	2.93410808e-01	5.03303744e-02	-9.25955847e-02	-2.39337251e-01	2.09697872e-01	-2.29965255e-01	-4.41360176e-02	1.94223270e-01	2.20605075e-01	1.79919273e-01	2.49897875e-03	1.12578496e-01	-2.70449668e-02	2.79150397e-01	8.78803581e-02	1.20870180e-01	6.25646263e-02	-1.94946509e-02	1.72755554e-01	-2.12779075e-01	1.55170754e-01	2.59059131e-01	7.98230618e-02	5.63015461e-01	5.06550409e-02	
-3.31102796e-02	9.96028483e-02	-9.05509666e-02	2.83715189e-01	-9.01219621e-03	-7.13212714e-02	1.12276282e-02	-1.52797729e-01	4.07866426e-02	2.20591858e-01	-1.49476737e-01	-3.11636813e-02	5.78697994e-02	2.70130605e-01	-9.60821509e-02	3.51934046e-01	-2.60777771e-02	3.25823687e-02	-6.78776354e-02	2.45077938e-01	-1.37819713e-02	-2.19218776e-01	1.62321001e-01	9.34017971e-02	1.70805752e-01	2.02127248e-01	3.27168144e-02	-1.60815362e-02	7.26448894e-02	-4.96910624e-02	1.08722247e-01	3.11785005e-02	1.18313469e-01	2.02519119e-01	6.99071726e-03	2.68523216e-01	1.51577756e-01	4.79716584e-02	4.50190246e-01	-3.56898806e-03	
2.04928480e-02	-2.72924770e-02	1.03765793e-01	5.99735603e-02	2.69079469e-02	7.92516991e-02	3.96510810e-02	-2.09605023e-02	-3.35540697e-02	1.79384947e-01	-1.06306501e-01	-1.23772174e-01	-7.71748424e-02	7.73236305e-02	1.98296029e-02	2.79798865e-01	-2.32231185e-01	1.21965900e-01	-1.60175845e-01	2.36952379e-01	3.82778160e-02	-1.33179978e-01	1.98945686e-01	2.17086643e-01	1.04213208e-01	1.04020610e-01	1.34787783e-02	1.26307219e-01	1.49431340e-02	2.39956230e-01	1.07358165e-01	1.96959943e-01	9.86864716e-02	7.91428685e-02	-3.85125875e-02	9.25443470e-02	1.57779098e-01	-6.97579831e-02	5.01503348e-01	4.49591838e-02	
-4.27729823e-02	9.60980952e-02	-1.08086884e-01	-2.70442963e-01	-8.41774568e-02	-1.91218965e-02	-9.22871605e-02	8.65192860e-02	-9.63588133e-02	-2.93532491e-01	1.36058688e-01	2.21940279e-01	1.16792709e-01	-6.55388087e-02	-9.72153693e-02	-1.26846969e-01	8.85993838e-02	-6.52085021e-02	9.90274027e-02	-2.69133270e-01	3.57506461e-02	2.48418406e-01	-4.35638130e-01	3.58786657e-02	1.75581694e-01	8.05066675e-02	1.25727728e-01	1.53073624e-01	2.64696460e-02	-1.33796930e-01	-2.59264648e-01	-4.90802340e-02	-5.29614836e-02	7.03832507e-02	2.28190981e-02	-1.15659580e-01	-1.05489627e-03	8.04933012e-02	-8.02861392e-01	4.31775767e-03	
3.37695517e-02	-1.32030982e-03	1.05272092e-01	-1.83602169e-01	2.26765387e-02	-6.43752813e-02	1.51150301e-01	2.36436632e-02	3.00800800e-02	-1.35647774e-01	-1.58063382e-01	2.42181078e-01	-8.78233910e-02	-7.16930628e-02	2.55237594e-02	-5.73535152e-02	1.53678238e-01	-1.33029059e-01	2.25513861e-01	7.16830865e-02	2.80643046e-01	1.11477546e-01	-3.00238371e-01	2.39770208e-02	1.53882220e-01	9.16241631e-02	-1.56652957e-01	2.15900809e-01	1.37828132e-02	-1.76311761e-01	-1.05521858e-01	-2.17235461e-01	-3.09163723e-02	-1.65412799e-01	1.47896677e-01	-1.55583814e-01	-3.92456837e-02	-3.17719281e-02	-6.50775731e-01	1.61100060e-01	
8.04584101e-02	1.22368142e-01	1.52036622e-01	1.12838931e-01	1.97105724e-02	-2.25744732e-02	-1.19570516e-01	2.38242336e-02	4.00128253e-02	-6.19617105e-02	8.19210112e-02	2.58586425e-02	1.07465446e-01	-8.18960592e-02	-5.21739125e-02	6.27988353e-02	-1.51179126e-02	6.92417771e-02	3.74806970e-02	-1.29291177e-01	2.55875606e-02	-1.02304876e-01	1.12744858e-02	8.20223242e-02	-2.44758315e-02	1.25233039e-01	-1.40526772e-01	4.99237627e-02	-1.63254514e-02	4.14382331e-02	2.23315340e-02	-9.70733240e-02	4.27542068e-02	-1.03213891e-01	-9.41041335e-02	1.52211087e-02	8.61806944e-02	-1.93301141e-02	-5.62006049e-02	4.64530475e-02	
1.15006223e-01	6.26371503e-02	1.34356305e-01	-3.18704173e-02	3.89679298e-02	9.56986919e-02	1.46569014e-01	-1.22099891e-01	-7.50650615e-02	-1.53872430e-01	9.07251909e-02	-1.43680096e-01	-7.85835609e-02	-5.84178269e-02	1.35679334e-01	1.51194185e-01	-3.45626995e-02	7.93728456e-02	4.30952944e-02	6.37387037e-02	-1.51556760e-01	4.67763394e-02	-2.05193311e-02	-1.91440955e-02	-9.61718857e-02	-7.73323849e-02	4.37069312e-02	-1.46194711e-01	-6.62415251e-02	-3.26370113e-02	-8.21255744e-02	2.80522853e-02	-1.08971417e-01	-7.02865571e-02	4.86402810e-02	-8.23823288e-02	-1.34818941e-01	9.79419053e-02	-1.17246442e-01	-6.19961657e-02	
-5.76930977e-02	1.52989462e-01	1.49811998e-01	-4.39598784e-02	1.23536084e-02	-3.28484038e-03	1.19172432e-03	-6.49014562e-02	-2.23368686e-02	2.76241034e-01	1.93739180e-02	-2.52244081e-02	-1.49330695e-03	2.70345181e-01	1.06350586e-01	8.12787116e-02	7.11857378e-02	9.20303687e-02	-2.52047807e-01	1.20208144e-01	7.25363009e-03	-1.78641565e-02	3.21848512e-01	1.66444570e-01	2.43209228e-02	8.72716680e-02	-1.96711421e-02	1.06099494e-01	1.27513617e-01	1.07256345e-01	1.74327016e-01	2.48335227e-02	6.39867857e-02	8.07947218e-02	-1.43914104e-01	1.11657977e-01	6.25224262e-02	5.45147434e-02	3.36647362e-01	-1.96300283e-01	
1.02477230e-01	4.87312637e-02	2.85346862e-02	2.25253642e-01	-2.15732157e-02	-1.33197293e-01	-6.45474643e-02	1.26034379e-01	-1.32511154e-01	1.03104830e-01	1.42460927e-01	-2.15375386e-02	-1.26329094e-01	2.01481119e-01	1.15732856e-01	3.86905931e-02	-1.00067221e-01	-5.07404730e-02	2.77477112e-02	-1.23629235e-02	-1.99491680e-01	1.82709336e-01	1.55885890e-01	1.46252289e-01	-1.26882442e-04	-5.74108921e-02	9.71168801e-02	-1.49895877e-01	5.27164117e-02	5.77934086e-02	2.57411182e-01	2.09329620e-01	1.62319038e-02	2.70433187e-01	-5.45558939e-03	1.22085206e-01	2.05679268e-01	-3.66896838e-02	3.69056314e-01	-1.60843879e-01	
8.82778130e-03	-2.46849936e-02	-1.03232265e-01	2.92956918e-01	1.32461816e-01	9.47651565e-02	5.32636642e-02	-2.20609810e-02	-1.15508273e-01	4.41870689e-01	1.38898253e-01	5.79095483e-02	7.27049857e-02	3.60967815e-01	1.47703826e-01	3.48147780e-01	-3.12814265e-02	-1.97316278e-02	-1.14917375e-01	1.80535853e-01	2.90608779e-02	-1.10532776e-01	7.54213095e-01	-5.32459188e-03	7.53496960e-02	7.85769820e-02	1.11950196e-01	1.62833538e-02	1.30625889e-01	4.94083375e-01	3.02097529e-01	-2.36414913e-02	2.34060995e-02	1.62779152e-01	-1.56564653e-01	3.72460723e-01	2.93354660e-01	-3.52123007e-02	6.76768005e-01	9.14812982e-02	
8.03490132e-02	1.18751541e-01	-1.24919161e-01	6.59010932e-02	1.45388976e-01	-8.82060528e-02	1.04521081e-01	4.76334803e-02	-3.26125370e-03	-1.38117254e-01	1.76641755e-02	-9.05795321e-02	-1.15337059e-01	1.37916012e-02	1.38744861e-01	-1.15313463e-01	1.20178066e-01	-1.50730833e-01	4.99014817e-02	2.65648067e-02	-9.75830555e-02	-4.99704666e-02	1.03195840e-02	-2.54735816e-02	4.20249552e-02	-5.67457452e-02	1.11489274e-01	1.23227604e-01	8.55614990e-02	-9.77382883e-02	-4.51150425e-02	6.53788075e-02	-1.21918634e-01	2.34893672e-02	-6.45778552e-02	3.79785672e-02	-5.08910827e-02	-6.26802221e-02	-2.73148771e-02	-1.69612728e-02	
1.30103692e-01	8.27120692e-02	-1.38249293e-01	1.06358275e-01	-1.62585005e-02	9.79656577e-02	-1.47030637e-01	-1.54530317e-01	-1.88652109e-02	4.21634801e-02	-8.82462412e-02	1.26516595e-01	-2.25075241e-02	1.16779596e-01	-1.28256023e-01	6.96852729e-02	1.39079288e-01	6.21163286e-02	7.55327102e-03	-1.23736896e-02	-9.04782340e-02	-8.61030594e-02	7.15212524e-02	6.79957643e-02	1.60720176e-03	-8.18676353e-02	-6.64424077e-02	-8.14775974e-02	-1.00758173e-01	-1.07032150e-01	-1.40537068e-01	3.58626097e-02	-2.78323963e-02	-1.45498559e-01	-3.40469703e-02	5.83109558e-02	1.11732870e-01	-3.02503947e-02	6.63692802e-02	-1.08246706e-01	
6.13291897e-02	-1.35125801e-01	8.16626325e-02	3.23313355e-01	1.34136751e-02	-1.46203404e-02	-6.88450858e-02	-7.85373002e-02	4.29351553e-02	3.07547212e-01	6.70716166e-02	-5.25996275e-02	-2.19309088e-02	7.86034092e-02	4.49665301e-02	3.84048492e-01	-2.09364355e-01	-1.29419893e-01	1.00635618e-01	2.59844720e-01	-2.47856557e-01	-1.51058827e-02	1.42992988e-01	-1.02242865e-01	1.31816924e-01	-2.65541852e-01	-5.49083613e-02	-8.45643356e-02	1.40561834e-01	3.86822075e-01	2.04872712e-01	4.92084175e-01	8.59214109e-04	2.48130694e-01	-1.22140698e-01	1.66293189e-01	-3.86773758e-02	-6.62769228e-02	-7.03185439e-01	-1.83344647e-01	
1.10128820e-01	-8.17903876e-02	-8.93703327e-02	-1.66305810e-01	-1.37575120e-01	2.04537045e-02	-1.55012488e-01	1.35419279e-01	2.70366166e-02	-5.47660738e-02	3.52176167e-02	5.02539873e-02	7.42390938e-03	-5.72479554e-02	7.20378384e-02	-2.47793302e-01	5.75831942e-02	-5.36143444e-02	1.08160287e-01	-4.92478758e-02	2.90753454e-01	1.59274787e-01	-4.45893914e-01	1.23736441e-01	4.37088124e-02	3.34968902e-02	-5.52973785e-02	1.09721661e-01	-1.92825682e-02	6.27248315e-03	-2.97216624e-01	-2.04770595e-01	8.29472095e-02	-1.57755360e-01	2.98886776e-01	-5.97324930e-02	2.34797448e-02	-5.94136901e-02	-6.22443259e-01	1.58460319e-01	
9.10668075e-02	-6.87165011e-04	-2.21290048e-02	2.69402742e-01	9.19907466e-02	8.92370790e-02	1.87998451e-02	8.12647045e-02	-2.72094961e-02	4.58910502e-02	6.22862857e-03	-1.99687049e-01	-2.24578958e-02	2.13325154e-02	8.99630487e-02	3.23337555e-01	-1.21237233e-01	-2.23047310e-03	-2.25793898e-01	8.80267918e-02	-6.00548424e-02	1.63009822e-01	3.25316876e-01	2.64541537e-01	2.14425325e-01	2.60771811e-02	-3.28775570e-02	-1.63917899e-01	2.02383474e-01	-6.55327514e-02	-1.11048035e-02	5.88240512e-02	1.03601180e-01	2.08379388e-01	7.59412497e-02	1.47646710e-01	1.30691856e-01	1.06570810e-01	3.69258761e-01	-1.77202180e-01	
-9.91252065e-02	-1.31260291e-01	2.90686022e-02	3.85782681e-02	1.56795084e-01	-8.03408548e-02	1.34244487e-01	1.29156038e-01	-5.07335663e-02	-1.16936401e-01	-7.41497353e-02	8.24001282e-02	3.71714197e-02	-4.99075651e-02	-1.24827005e-01	-1.75079480e-01	1.32738009e-01	9.83664170e-02	1.20933957e-01	-2.45599505e-02	2.09175348e-01	2.34886646e-01	-1.16475910e-01	-1.04941698e-02	5.24026379e-02	5.15422374e-02	9.82288048e-02	1.58088714e-01	-5.54865114e-02	4.57640877e-03	-1.15038954e-01	-7.95557797e-02	1.16703622e-02	2.52127573e-02	2.09680021e-01	-1.82616860e-01	-2.01384932e-01	-1.17122950e-02	-6.05571151e-01	1.90914571e-01	
-3.90231945e-02	-8.45125467e-02	-1.34647544e-03	-3.28548402e-02	-1.12893030e-01	4.32014018e-02	-1.19726285e-01	-1.56503931e-01	-1.12867877e-01	-7.59159178e-02	1.24715388e-01	2.17862099e-01	-1.46204442e-01	-9.29586813e-02	-1.30087305e-02	-2.60129213e-01	1.53525814e-01	-1.26938134e-01	1.49468496e-01	-9.95675027e-02	2.71731645e-01	3.36551778e-02	-3.77438128e-01	1.87059313e-01	4.09069844e-02	9.60051492e-02	2.08229255e-02	-1.12398481e-02	-8.23490843e-02	-1.84958249e-01	-1.96190611e-01	3.33540104e-02	5.38104400e-02	-1.83360964e-01	2.15482295e-01	-1.73847273e-01	-3.68094184e-02	1.01843812e-01	-7.04343557e-01	5.63710928e-02	
-4.69842777e-02	4.81105968e-02	-1.35572940e-01	-1.04585320e-01	-3.84317450e-02	-5.96394278e-02	1.55774072e-01	-8.73940736e-02	1.25280246e-01	1.48724675e-01	-2.22218726e-02	1.27059400e-01	2.72040404e-02	-1.04217395e-01	-3.85384262e-02	-1.69616677e-02	-9.36038345e-02	-7.99882561e-02	5.08521125e-02	1.73176415e-02	6.57822415e-02	1.17970435e-02	-1.40579820e-01	-1.62919864e-01	-3.69552970e-02	1.56157240e-01	8.52673426e-02	9.94776711e-02	-1.51436955e-01	-1.46750072e-02	-3.68895642e-02	-4.85141464e-02	1.10193923e-01	3.44351009e-02	-4.73356023e-02	1.29188329e-01	3.98375504e-02	-4.03952859e-02	-8.99751335e-02	-1.45432249e-01	
1.20395198e-01	-4.42066081e-02	-8.93867165e-02	-3.03135868e-02	-1.02837123e-01	1.11562602e-01	7.12130219e-02	-6.31533787e-02	8.35661143e-02	2.70355582e-01	1.22204259e-01	-8.07454139e-02	1.20951362e-01	6.36985973e-02	5.23445662e-03	1.48814291e-01	-1.61266103e-01	-6.43223375e-02	-9.37532037e-02	1.90606609e-01	-1.71022892e-01	9.27744061e-02	3.31218362e-01	2.57501155e-01	1.99563146e-01	2.05254927e-01	-8.42326283e-02	-4.51761633e-02	2.78388709e-01	8.75121951e-02	5.10326847e-02	-2.34359950e-02	8.48518312e-02	6.31526634e-02	-1.12037808e-01	2.70665437e-01	1.20085172e-01	-9.67568681e-02	5.97857475e-01	-1.07628793e-01	
-1.25279188e-01	-1.22767024e-01	9.38686207e-02	-2.25250006e-01	-1.10521041e-01	-3.93715017e-02	-1.46924391e-01	3.12661305e-02	6.79447204e-02	-2.65548855e-01	-1.39453933e-01	1.45489410e-01	-1.40755832e-01	-1.93056941e-01	8.08351412e-02	-2.95324892e-01	9.62278619e-02	-8.02446306e-02	2.08057940e-01	-1.07718213e-03	2.12943211e-01	2.05279365e-01	-2.20507324e-01	6.42560273e-02	2.39353493e-01	-1.35015830e-01	4.20774668e-02	2.05935046e-01	-1.64279148e-01	-1.22766353e-01	-2.24593386e-01	-1.39699310e-01	-1.39344499e-01	-3.84520143e-02	1.00480475e-01	-1.58865049e-01	-6.25420436e-02	8.14603940e-02	-5.26881695e-01	1.71207357e-02	
-1.44525021e-01	-1.85888708e-02	-2.73045199e-03	-1.69872209e-01	-1.26609653e-01	-1.05982937e-01	-5.26164025e-02	-5.37344292e-02	7.54331052e-02	-2.06466809e-01	-4.14550863e-02	1.69786438e-01	1.24521956e-01	-5.74028119e-02	1.14448324e-01	-2.91011989e-01	2.41960242e-01	-8.14461187e-02	9.23169851e-02	-2.24276930e-01	-3.43237072e-02	2.07671687e-01	-3.70111793e-01	-1.15709364e-01	1.78753376e-01	-1.60993099e-01	7.84808695e-02	-3.14688981e-02	-5.30683808e-03	6.94248080e-02	-7.36989751e-02	-2.22102031e-01	1.38174385e-01	3.24903280e-02	2.45501563e-01	-3.64889726e-02	6.37020543e-02	-7.27967322e-02	-4.19576019e-01	8.33765343e-02	
-8.67760479e-02	-1.10950015e-01	1.08814143e-01	5.09873889e-02	1.08726248e-01	4.25716415e-02	5.75713515e-02	-5.86144738e-02	-1.01153620e-01	-5.52405491e-02	-4.18799147e-02	-1.20628193e-01	-1.45549417e-01	-3.77013013e-02	-3.91138755e-02	7.37461820e-02	2.47941278e-02	-4.59797196e-02	-4.01546992e-02	-1.03019640e-01	-2.66142096e-02	-1.14743434e-01	-5.87988906e-02	-1.15586914e-01	-9.29246396e-02	7.39578158e-02	-1.14086501e-01	-7.41489455e-02	-5.11161834e-02	1.10988013e-01	-1.41502455e-01	1.49710387e-01	-3.20418440e-02	-9.58453491e-03	-9.94007755e-03	-5.88258058e-02	5.20039350e-02	9.87914503e-02	-3.54841538e-02	7.97810107e-02	
-9.99514535e-02	1.35758668e-01	-7.12270662e-02	-6.84048682e-02	-1.55107617e-01	-2.20896397e-03	1.03189744e-01	9.07793269e-02	-1.16449259e-01	-6.83320090e-02	1.46053150e-01	-1.21319406e-01	8.01886544e-02	7.49112070e-02	-1.62275508e-03	-1.57552972e-01	7.38037452e-02	-9.13946629e-02	2.09247489e-02	9.34755951e-02	1.19539849e-01	-1.32345065e-01	1.03892982e-01	9.18776542e-02	-1.30577222e-01	-6.01082481e-02	2.90479455e-02	-1.15262538e-01	4.41196077e-02	-1.76368043e-01	-6.28549904e-02	2.88831070e-02	4.33900543e-02	1.17592305e-01	-6.60340711e-02	3.71666101e-05	6.22414537e-02	1.24015100e-01	-9.51807424e-02	4.43829373e-02	
1.52765423e-01	1.13620922e-01	1.28251314e-01	-8.85236785e-02	4.32352833e-02	1.22208300e-03	1.41044214e-01	4.98807281e-02	-1.33842498e-01	-2.24052340e-01	3.78937088e-02	1.50514290e-01	9.48161855e-02	-2.93592364e-02	-4.19216640e-02	-2.76864797e-01	1.90884054e-01	-3.90884876e-02	1.02238663e-01	-1.42566577e-01	8.92136712e-03	2.51646847e-01	-3.12622309e-01	1.63649634e-01	2.23239437e-02	7.61514381e-02	-5.24537032e-03	2.07517475e-01	-6.75382763e-02	-9.57410857e-02	-1.33928135e-01	6.68217093e-02	3.19049321e-03	5.59269041e-02	1.61162481e-01	-2.59246141e-01	-5.22517450e-02	1.31225541e-01	-6.43366873e-01	1.56837851e-01	
9.82152671e-02	1.21802859e-01	2.57220473e-02	3.19934986e-03	-4.35120575e-02	-1.51796490e-01	-4.23655324e-02	1.09934054e-01	2.09563170e-02	1.33863047e-01	-9.90207046e-02	-7.16689155e-02	7.36815706e-02	-7.63770193e-02	1.36511266e-01	-1.36203125e-01	1.33645535e-01	1.30493209e-01	-1.52451038e-01	1.39894628e-03	1.63352527e-02	8.02779347e-02	-1.35156438e-01	-1.24322094e-01	-1.57788634e-01	5.47784194e-02	-7.75622278e-02	-7.08460733e-02	1.04686759e-01	6.47270307e-02	1.52764887e-01	1.35238811e-01	1.24608271e-01	-1.28033534e-01	-3.56907547e-02	-1.26454473e-01	-1.49615273e-01	7.04170987e-02	-1.43397897e-01	1.40936775e-02	
1.04660578e-01	1.07121967e-01	9.73706022e-02	-3.63182761e-02	-5.75378202e-02	9.97288674e-02	-1.38096422e-01	1.33981511e-01	-6.25449419e-02	-1.18182398e-01	-9.62817147e-02	1.76082090e-01	3.20912488e-02	-1.46394391e-02	-3.47225554e-02	-2.64984399e-01	1.85832217e-01	-9.37644988e-02	2.81601012e-01	-3.48226093e-02	1.32014304e-01	1.07967898e-01	-1.47644550e-01	-3.80093604e-02	9.36887860e-02	-1.30648121e-01	1.55171290e-01	1.47474706e-01	-1.77003041e-01	5.64294532e-02	-1.13720573e-01	-6.80604428e-02	1.19169112e-02	-5.28805703e-02	1.49694398e-01	-1.26688201e-02	-9.94043574e-02	-9.75033641e-02	-5.03930330e-01	7.78857172e-02	
-2.32785456e-02	8.46255105e-03	-1.55835198e-02	1.80519134e-01	-1.48244917e-01	5.02851456e-02	6.73996583e-02	-3.91484238e-02	4.93878759e-02	-4.33600647e-03	2.03525014e-02	-6.03609681e-02	1.18999325e-01	2.76869208e-01	-1.45163447e-01	2.08394855e-01	-1.01101361e-01	4.13736962e-02	-3.68415080e-02	8.93953741e-02	-1.38937384e-01	-4.67066430e-02	1.87839627e-01	1.89167976e-01	4.34744805e-02	1.83603451e-01	-8.37976784e-02	-8.91893134e-02	2.12361053e-01	1.37128964e-01	2.32689649e-01	2.16155827e-01	-8.48415941e-02	2.23328307e-01	6.10278570e-04	2.63688684e-01	2.01647989e-02	-1.01548046e-01	5.60878396e-01	8.00069124e-02	
-4.59211856e-01	-2.46339694e-01	-2.63354301e-01	2.13596687e-01	-1.94858328e-01	-4.65800874e-02	1.27729243e-02	-2.16628969e-01	1.22018647e-03	-2.22320229e-01	1.51696168e-02	-2.00268671e-01	-3.12117547e-01	-2.59470224e-01	-2.07533225e-01	-2.33743832e-01	2.09677771e-01	1.67035341e-01	1.15396671e-01	-4.07652259e-02	-2.57692933e-01	-2.01599926e-01	-4.32737321e-01	-7.86468107e-03	7.41853416e-02	-8.02234888e-01	1.60501361e-01	-2.48103663e-01	1.77098915e-01	2.47749880e-01	-1.15205288e-01	-2.22510368e-01	2.28410035e-01	1.74740270e-01	1.04627900e-01	4.19789292e-02	2.94870913e-01	-1.04529485e-02	2.41116926e-01	-2.77540386e-01	
-2.56298453e-01	
7.80241370e-01	
4.01620775e-01	
-4.34075445e-02	
-6.49743915e-01	
1.29212722e-01	
6.10206127e-01	
4.08116840e-02	
-3.24822962e-01	
-5.55181921e-01	
-3.42447191e-01	
-4.46186811e-01	
-4.30651337e-01	
-4.67712209e-02	
5.87842882e-01	
7.00714886e-01	
-1.00792922e-01	
-5.67230284e-01	
1.91702351e-01	
6.27276957e-01	
-6.37704968e-01	
-3.83385271e-01	
-4.07066822e-01	
-5.11024654e-01	
6.08898938e-01	
8.06696787e-02	
8.89875054e-01	
-4.35829967e-01	
2.23181322e-01	
2.88014263e-01	
3.41686517e-01	
3.85446638e-01	
-3.97415221e-01	
-1.11013353e+00	
5.56332886e-01	
8.05339932e-01	
2.71350712e-01	
4.43417966e-01	
-2.17490241e-01	
-6.92200661e-01	
-8.88454914e-02	
-1.30413309e-01	
1.08540328e-02	
1.13504156e-01	
-1.40426055e-01	
8.76011103e-02	
-9.47029367e-02	
-1.48383424e-01	
4.97144498e-02	
1.07145227e-01	
1.45705482e-02	
1.64499506e-01	
4.97627743e-02	
1.44272134e-01	
-3.71165797e-02	
-2.08778530e-02	
1.82914510e-01	
7.45627284e-02	
1.53402105e-01	
1.31598741e-01	
7.84471110e-02	
1.51382804e-01	
1.28481001e-01	
-6.47553662e-03	
1.80389032e-01	
1.08932406e-01	
2.28822529e-02	
9.02128890e-02	
-1.98872909e-02	
1.60865769e-01	
1.69617146e-01	
2.05802709e-01	
-1.39913827e-01	
-6.33164495e-02	
8.58331844e-02	
1.09948404e-01	
-1.50909409e-01	
-1.49335921e-01	
1.78007454e-01	
6.24449030e-02	
-2.59442627e-01	
1.02682197e-02	
1.50337160e-01	
-3.22462097e-02	
4.24668305e-02	
-1.38733029e-01	
-1.49424061e-01	
7.04375431e-02	
-3.55680771e-02	
1.59505591e-01	
-2.28483789e-02	
1.60597131e-01	
6.57073930e-02	
-3.66895497e-02	
-8.10094774e-02	
1.37404814e-01	
1.20607033e-01	
1.87619284e-01	
-1.01706244e-01	
-1.27641022e-01	
1.77244782e-01	
1.66913792e-01	
-1.02689035e-01	
-2.80378051e-02	
-1.63059220e-01	
2.93118935e-02	
1.95586696e-01	
-7.73497894e-02	
5.89215271e-02	
2.15394065e-01	
-7.77737647e-02	
1.03373766e-01	
2.19426915e-01	
8.86670426e-02	
-1.33202478e-01	
3.81925367e-02	
8.27881023e-02	
2.11645756e-03	
-6.19164947e-03	
1.20280646e-01	
4.59113829e-02	
