-6.95511878e-01	-1.04061651e+00	
6.97784424e-02	1.12676375e-01	
5.21097302e-01	-5.04940867e-01	
-9.42891985e-02	-6.40946925e-01	
-2.37010941e-01	3.30037624e-02	
-7.80241042e-02	1.01761317e+00	
3.13004643e-01	-2.06466600e-01	
1.26271099e-01	1.20734549e+00	
5.35406113e-01	5.26995063e-01	
-4.66007948e-01	-3.28972548e-01	
1.73679709e-01	-5.62524736e-01	
5.03833778e-02	-5.90222120e-01	
-4.74913925e-01	2.49307469e-01	
-4.54709470e-01	9.18262541e-01	
-2.34703600e-01	-1.32368445e-01	
1.07353263e-01	9.25780296e-01	
8.00822616e-01	8.28676403e-01	
7.18909621e-01	-8.23150098e-01	
-3.41089010e-01	-7.01737344e-01	
5.27800560e-01	-6.12752438e-01	
7.06248581e-01	9.41928625e-01	
4.56768036e-01	-1.71663240e-01	
7.12709248e-01	1.26388133e-01	
-9.60014164e-02	1.66680664e-02	
3.71243238e-01	6.05336763e-02	
5.31869590e-01	-1.04135452e-02	-1.31255060e-01	-2.51474828e-01	1.04904890e-01	7.40706682e-01	-1.18039593e-01	1.09216221e-01	5.70524111e-02	-4.05704044e-02	-1.61989108e-01	-9.16886404e-02	6.22601509e-02	-1.36483964e-02	-5.10157309e-02	6.03855789e-01	5.27728140e-01	2.16326430e-01	6.34853423e-01	1.86581030e-01	4.01276052e-01	2.46552795e-01	4.27739620e-01	1.77214175e-01	-1.99707866e-01	
8.37064564e-01	-3.83782666e-03	-1.23973202e-03	-1.45918772e-01	-7.19840303e-02	5.83222389e-01	1.07196219e-01	7.25651309e-02	1.22197643e-01	1.26427427e-01	1.64643675e-01	-2.72426698e-02	-2.05972925e-01	7.40155205e-02	-1.69925645e-01	5.66266835e-01	2.56071299e-01	1.37098566e-01	4.94204223e-01	5.17946064e-01	8.95456448e-02	1.42293021e-01	-3.61679196e-02	-1.85583577e-01	-5.22065423e-02	
-6.04343355e-01	2.57224083e-01	-4.55065891e-02	-1.57119390e-02	6.44187480e-02	-3.50809783e-01	2.70938963e-01	2.57391006e-01	-5.58727831e-02	1.32366955e-01	-5.64065203e-02	1.32888883e-01	3.46823007e-01	1.99628621e-01	1.37053296e-01	-3.03610563e-01	-1.97834179e-01	1.70796230e-01	-4.04083192e-01	-9.31184441e-02	-2.85110950e-01	1.21681266e-01	-1.31297335e-01	-1.71528131e-01	5.68125136e-02	
1.37817943e-02	-3.34490165e-02	-1.32424593e-01	-2.32749537e-01	1.41496897e-01	5.12201667e-01	-1.99798182e-01	1.20380886e-01	1.42403185e-01	-8.06072280e-02	-4.06469494e-01	-3.14104468e-01	-1.68347314e-01	9.29104835e-02	-3.88046764e-02	3.56769115e-01	6.18869245e-01	-3.27611327e-01	2.27678306e-02	-1.34403312e+00	2.50734001e-01	-1.52102336e-01	-1.79873073e+00	3.84115949e-02	3.10609758e-01	
1.61863875e+00	-9.21297967e-02	8.52936730e-02	1.01247840e-01	5.11171333e-02	-2.56685793e-01	3.33598256e-02	-3.36509824e-01	-1.98890552e-01	-1.76057607e-01	2.35302687e-01	2.84073018e-02	-2.73539126e-01	-2.49149710e-01	-1.14376374e-01	-3.68185669e-01	7.25726724e-01	3.21848929e-01	9.78784621e-01	7.71360636e-01	4.35039252e-01	1.80730268e-01	2.05269933e+00	-8.86834189e-02	-8.32013860e-02	
-3.68863672e-01	3.08646172e-01	-5.08502834e-02	4.01095897e-01	1.57494187e-01	-4.83260512e-01	2.15179533e-01	4.00251001e-01	3.46548140e-01	1.46460935e-01	5.74763045e-02	4.18162405e-01	3.85318220e-01	8.09857622e-02	2.78824896e-01	-3.25703502e-01	-4.48819846e-01	-1.10725202e-01	-3.27747405e-01	-3.89513850e-01	-3.80886137e-01	6.84298500e-02	-2.67012239e-01	5.94355837e-02	-6.13575093e-02	
1.36467889e-01	-1.27727985e-01	-7.04813004e-02	-1.04962729e-01	-5.12937568e-02	-1.74151048e-01	-1.98734049e-02	1.54314399e-01	-8.85985121e-02	8.93163681e-02	-1.81764767e-01	1.38732553e-01	1.42790988e-01	1.83983091e-02	5.78112621e-03	1.31723881e-02	-1.42945170e-01	7.49036595e-02	-2.05303673e-02	1.39890864e-01	-6.17997907e-02	-1.80232123e-01	2.59345062e-02	-9.65437219e-02	5.98160289e-02	
3.18175495e-01	-1.31709173e-01	2.33489528e-01	1.87170841e-02	1.06851034e-01	4.39909369e-01	9.90013108e-02	2.04776779e-01	1.96972676e-02	-1.45791635e-01	6.77044988e-02	-8.71705115e-02	-2.32556149e-01	-1.08704485e-01	-8.27925578e-02	3.71970624e-01	2.02136144e-01	-6.05153553e-02	1.93636581e-01	3.47021997e-01	3.19588125e-01	1.44768298e-01	4.92645018e-02	-8.24759007e-02	1.46700993e-01	
-6.65716529e-01	1.05450012e-01	-1.29124820e-01	1.73768699e-01	-3.77349858e-03	-5.97797990e-01	-6.09199516e-02	5.73775358e-03	2.02179655e-01	1.74509659e-01	1.61372870e-01	2.28450879e-01	3.65180999e-01	2.35346168e-01	1.14280254e-01	-5.20089447e-01	-2.33004868e-01	6.13013022e-02	-6.79696381e-01	-2.94840842e-01	-7.52017274e-02	2.30961636e-01	-1.80982515e-01	-1.96126223e-01	-1.43041626e-01	
6.20555103e-01	-1.24709882e-01	3.07823092e-01	2.76280612e-01	-1.12945631e-01	2.57609725e-01	2.35376611e-01	-3.40099841e-01	-7.37152696e-02	1.35928497e-01	1.76595286e-01	1.95645288e-01	-2.53367245e-01	-5.24043918e-01	-8.07867851e-03	4.06310618e-01	3.64407122e-01	1.87532783e-01	6.54080868e-01	5.42439759e-01	3.42544228e-01	3.31418775e-02	4.77593690e-01	1.37175009e-01	6.88114315e-02	
4.81337085e-02	2.86374241e-01	1.69899777e-01	6.40970990e-02	2.67959125e-02	1.40465960e-01	2.31239274e-01	2.78504640e-01	1.94892988e-01	1.13567762e-01	7.05057159e-02	2.57008940e-01	1.08547576e-01	2.64780045e-01	2.71967679e-01	3.86415869e-01	3.51460069e-01	1.27309799e-01	2.28228539e-01	1.60048619e-01	-4.81190346e-02	3.25807109e-02	2.02496663e-01	-1.35556459e-02	2.90215641e-01	
-4.63892400e-01	9.83083397e-02	-1.21625744e-01	1.60318166e-01	-1.99726611e-01	-4.35624689e-01	-1.06559925e-01	1.17724717e-01	1.96337000e-01	1.35440916e-01	1.92093849e-01	1.80968285e-01	2.66941786e-01	2.38298491e-01	-7.10320380e-03	-6.35906458e-01	-2.91013449e-01	1.42364036e-02	-2.51094311e-01	-1.10780649e-01	-9.46361795e-02	2.26584002e-01	-2.07299024e-01	-2.89122351e-02	1.78607628e-01	
5.28968513e-01	-9.51833501e-02	6.91301897e-02	2.49730051e-01	-9.89751145e-02	4.87073779e-01	3.99148017e-02	6.79074079e-02	-6.73875809e-02	4.98432182e-02	1.08865760e-01	1.02349617e-01	-1.59950167e-01	-2.63452202e-01	1.66331977e-01	5.87743878e-01	2.68186241e-01	1.50310412e-01	6.23334110e-01	3.93226802e-01	2.52327234e-01	1.11538626e-01	3.37840728e-02	1.18083291e-01	1.33658454e-01	
1.34342700e-01	-1.64816812e-01	6.11519814e-03	-1.75405726e-01	-1.03420638e-01	-1.53979927e-01	-9.09075513e-02	-6.37592077e-02	5.13731949e-02	1.94119930e-01	1.98132038e-01	1.94319367e-01	-1.61881998e-01	1.35117933e-01	2.07395549e-03	1.92592606e-01	1.58275589e-01	-1.09208897e-01	-1.55158147e-01	1.27588183e-01	-7.01373816e-02	-2.01154947e-02	-1.16359971e-01	3.97985466e-02	-4.42319401e-02	
5.65680675e-02	1.09013185e-01	1.90394476e-01	-6.22166730e-02	-4.42494638e-02	6.00913882e-01	-6.30032048e-02	2.30604395e-01	-4.08135951e-02	3.80638875e-02	1.02880798e-01	2.36987203e-01	1.63096517e-01	-4.12931805e-03	7.84009770e-02	5.22082388e-01	9.70285758e-02	1.78104371e-01	3.35191607e-01	4.07914460e-01	1.40919581e-01	3.26610506e-01	2.64288425e-01	-5.46710519e-03	-3.20878923e-02	
2.48135462e-01	-3.39332372e-02	5.14229946e-02	-5.40426234e-03	-1.95598230e-01	6.41027451e-01	9.40966904e-02	-1.27351075e-01	2.18927085e-01	-1.07862344e-02	4.91284691e-02	1.89475372e-01	-1.71080396e-01	-1.33389816e-01	-1.67984411e-01	4.96359259e-01	3.10490340e-01	1.91432968e-01	7.17130080e-02	2.26589754e-01	3.62402797e-01	1.25967801e-01	3.61832023e-01	-1.33864403e-01	2.82670915e-01	
-1.04569174e-01	-1.50558829e-01	-2.93638767e-03	5.86229712e-02	3.46321352e-02	5.11419214e-02	-9.34673250e-02	1.00983284e-01	-2.02206522e-01	2.51698511e-04	-8.82812440e-02	-1.10200886e-02	-3.86651680e-02	-1.42350629e-01	-1.17935278e-01	-1.52211070e-01	3.41931097e-02	-1.37652710e-01	1.12431265e-01	-6.74595758e-02	4.89451736e-02	1.51239783e-01	-3.77327651e-02	-1.27183318e-01	7.06220642e-02	
-7.36668229e-01	2.17374742e-01	-1.26462564e-01	4.01281491e-02	1.78957805e-01	-3.01305205e-01	1.06975406e-01	4.58619967e-02	2.18801856e-01	-1.01194099e-01	6.95916042e-02	1.56450972e-01	1.06098674e-01	3.26096833e-01	1.92858651e-01	-5.94794333e-01	-2.28398830e-01	1.81657881e-01	-2.80976683e-01	-1.02470435e-01	8.63407329e-02	-1.25954375e-01	3.48266959e-01	1.68027833e-01	7.33051375e-02	
2.13749692e-01	1.19946085e-01	2.90177852e-01	-1.81320775e-02	1.30020186e-01	1.18134059e-01	3.14246900e-02	8.80644098e-02	4.78661805e-02	-8.42017904e-02	2.15181187e-01	1.29020452e-01	3.46041727e-03	7.68565983e-02	-6.08636923e-02	4.88900483e-01	1.72856718e-01	1.64090231e-01	2.84237325e-01	2.85350621e-01	3.42894979e-02	2.38859668e-01	1.07513689e-01	9.67977047e-02	2.37875223e-01	
-4.31856401e-02	-1.72338322e-01	-1.69560909e-02	1.01608209e-01	9.82325077e-02	-1.41467050e-01	-1.48434669e-01	-8.72746930e-02	9.37692150e-02	1.26006916e-01	4.46274271e-03	1.62743196e-01	-1.75074086e-01	-8.04889426e-02	-1.76295623e-01	1.85877994e-01	2.32580435e-02	2.61437185e-02	-7.04598427e-02	2.39990000e-02	-7.13631436e-02	-1.87569305e-01	-3.49410549e-02	-1.16131380e-01	1.10033847e-01	
-8.53681588e-04	-1.23428941e-01	-1.05686784e-01	-1.06675580e-01	6.29273877e-02	-4.97139469e-02	1.22699980e-02	1.59629852e-01	-1.06531717e-01	-1.11229300e-01	-9.54574868e-02	-8.33301097e-02	-7.92347193e-02	1.19043760e-01	7.25480318e-02	-8.91033635e-02	-1.84418902e-01	-1.36140615e-01	6.33805022e-02	8.50050971e-02	7.57331401e-02	-4.32786234e-02	-1.54417872e-01	-9.84280631e-02	-1.20240167e-01	
7.79940248e-01	1.75182432e-01	-5.63245490e-02	7.66997859e-02	-1.43219590e-01	4.46255535e-01	1.74282417e-01	-1.18505089e-02	-1.00848287e-01	-8.19464922e-02	-7.34279752e-02	-6.29846528e-02	-2.95544975e-02	-4.46087494e-02	3.36305611e-02	4.48421597e-01	4.18545842e-01	8.55290070e-02	6.60475433e-01	5.68859279e-01	3.93538445e-01	1.80649355e-01	4.29475635e-01	4.60104235e-02	5.06979451e-02	
-2.07673125e-02	8.02983269e-02	-1.38687864e-01	-1.92422062e-01	8.08869153e-02	1.35803372e-01	1.88978761e-02	-1.11873902e-01	4.82607633e-04	1.46193743e-01	1.01065792e-01	1.39013335e-01	-1.54063836e-01	6.37773052e-02	2.62921285e-02	-1.41632199e-01	-1.05975084e-02	2.31405180e-02	-5.69646992e-02	-1.66416571e-01	-2.05711555e-02	1.27959251e-01	1.71133757e-01	1.72758982e-01	-2.08852217e-01	
-7.77891204e-02	-2.25720415e-03	7.72893429e-02	1.27674147e-01	-1.68210730e-01	2.94443611e-02	-1.78858519e-01	-1.06904104e-01	8.78232047e-02	-1.97804168e-01	-9.94300395e-02	-1.80793535e-02	1.37284115e-01	-7.28854164e-02	-4.16597612e-02	1.75091743e-01	-8.20963904e-02	3.47939022e-02	1.22236423e-01	-7.50243440e-02	1.18372463e-01	-1.39486536e-01	-1.99940965e-01	4.68983911e-02	-1.89637825e-01	
1.98874831e-01	-6.01605661e-02	-1.64209485e-01	-1.40894458e-01	1.78228185e-01	1.52275637e-01	6.90593943e-02	-2.83640623e-02	-8.98704752e-02	-1.92813516e-01	1.34738073e-01	-1.34072855e-01	2.69758459e-02	-7.26059899e-02	-1.04025982e-01	1.59747884e-01	-7.38211200e-02	-1.33559972e-01	1.80962088e-03	-1.82096466e-01	-1.65953025e-01	-1.03203371e-01	4.14113291e-02	-6.58604428e-02	-1.03360556e-01	
-4.71039265e-01	-1.74053386e-01	-6.66582212e-02	1.71505213e-01	7.07747996e-01	1.90407559e-02	-5.15190624e-02	1.38513356e-01	-8.95751864e-02	1.36486024e-01	-8.09481591e-02	4.05713730e-02	1.37091637e-01	-8.64191074e-03	1.55972287e-01	4.66379933e-02	8.35196301e-02	-1.37519717e-01	-1.27840579e-01	-1.11048914e-01	-1.61330968e-01	1.37338221e-01	-1.76659852e-01	-8.76434594e-02	-1.27687618e-01	
-4.98995721e-01	-3.34204584e-01	2.82468736e-01	8.77453625e-01	-1.41202068e+00	3.89729798e-01	8.23981315e-02	-1.90046757e-01	5.23353875e-01	-5.00607431e-01	3.00158381e-01	4.56686199e-01	-1.60799891e-01	3.01105971e-03	2.49511287e-01	-3.01923659e-02	-5.74584268e-02	1.96476236e-01	9.01437998e-02	1.66664675e-01	-1.95985079e-01	-1.98994607e-01	6.84865266e-02	-2.16031801e-02	1.62243605e-01	
-9.49189812e-02	3.81991923e-01	-6.26223683e-01	3.26284796e-01	4.79846656e-01	3.82176667e-01	-1.23647451e-01	-7.07864314e-02	-3.33833806e-02	4.51055050e-01	-8.27002153e-02	-1.84853360e-01	5.94963312e-01	-1.97823998e-02	-1.21421795e-02	-3.53314906e-01	-1.69137523e-01	-1.12339950e+00	-5.59009425e-02	1.20950483e-01	8.82761702e-02	3.96305859e-01	1.68087438e-01	8.29145964e-03	1.33847505e-01	
7.56212026e-02	2.63115559e-02	-2.12029237e-02	-5.83138704e-01	1.05377984e+00	-2.27764294e-01	5.64739481e-02	1.96158692e-01	-1.43437132e-01	1.57967374e-01	-5.35272248e-02	1.54597983e-01	3.12946200e-01	3.48776840e-02	9.21588838e-02	2.34825894e-01	-2.78469287e-02	-1.58309087e-01	2.91544288e-01	-3.10580730e-02	5.16657606e-02	2.74422497e-01	-1.76932588e-01	-1.10368848e-01	6.90102130e-02	
-3.71817835e-02	-1.73332226e-02	1.85782030e-01	1.28103524e-01	-9.04633328e-02	-9.36042815e-02	1.10041954e-01	-1.23174548e-01	-1.25009522e-01	3.51251848e-02	-1.72082543e-01	1.83820724e-04	-1.85032874e-01	-4.36738506e-02	7.64289126e-02	-1.96768239e-01	-8.25815722e-02	3.22256098e-03	-8.54812860e-02	1.06338553e-01	2.62922775e-02	-1.63719803e-01	7.63620883e-02	1.13578297e-01	1.18207936e-04	
-1.73552305e-01	-1.30554721e-01	1.86727587e-02	1.70083772e-02	5.50566651e-02	7.10045174e-02	5.11338226e-02	1.54757112e-01	-5.28629385e-02	1.12868309e-01	-2.24796887e-02	-7.46247619e-02	-2.61919219e-02	-1.97067663e-01	-1.47929713e-01	-4.80759740e-02	-1.65152084e-02	-2.14518104e-02	-1.22260496e-01	1.59815937e-01	8.44544917e-02	1.56276330e-01	-7.43219182e-02	6.17440231e-02	1.82857379e-01	
2.30417505e-01	3.14771384e-01	-2.24520508e-02	-1.08551347e+00	9.30135071e-01	5.32282181e-02	-3.94607782e-02	1.73937947e-01	-1.98339969e-01	5.01250207e-01	-3.93935330e-02	-1.43757537e-01	2.16109395e-01	-7.45105073e-02	4.06426132e-01	2.48230621e-01	-1.26476988e-01	-2.26079613e-01	-1.74926519e-02	1.73688933e-01	1.84941009e-01	4.52362716e-01	1.88291073e-02	-1.00662611e-01	-5.24794832e-02	
7.94093236e-02	-5.97151779e-02	-2.72906363e-01	-4.39253062e-01	1.02470064e+00	-2.45092362e-01	-1.11551240e-01	1.57413781e-01	-5.61726205e-02	8.15330893e-02	1.47183001e-01	-2.23039895e-01	7.38554001e-02	9.34763178e-02	3.72877985e-01	6.82474896e-02	1.70643970e-01	-4.68797833e-02	2.23675892e-01	-1.68511495e-01	1.17979407e-01	4.47863907e-01	1.23135917e-01	-1.17547728e-01	9.21282098e-02	
6.45487458e-02	8.41506664e-03	-3.29523161e-02	-5.85448742e-01	1.13952160e+00	-3.96550834e-01	1.32726267e-01	1.23503342e-01	-2.19472900e-01	-4.18833457e-02	2.48513401e-01	-2.11439401e-01	1.05015419e-01	-1.46555781e-01	2.00868458e-01	2.66721159e-01	2.70958915e-02	1.98234752e-01	1.81584954e-01	1.61298141e-01	-4.13158908e-02	2.59361833e-01	9.70072637e-04	5.07229082e-02	-3.84944938e-02	
2.49044620e-03	1.67385295e-01	7.93484002e-02	8.02487954e-02	1.19602144e-01	-4.68724817e-02	2.16722731e-02	-1.13745227e-01	-5.52818626e-02	-5.78904301e-02	-4.37004231e-02	1.44552218e-03	-7.31437504e-02	1.32950947e-01	-1.87514856e-01	9.65297595e-03	-1.79925770e-01	7.48709291e-02	-8.37868527e-02	-5.17219082e-02	-7.51881627e-03	1.18894704e-01	-1.68291911e-01	8.31599981e-02	-5.37662990e-02	
-8.80381823e-01	4.30546671e-01	-2.68357843e-01	-1.19210196e+00	9.76680040e-01	-1.56560123e-01	-8.81902501e-02	-1.74262971e-01	-2.23605692e-01	9.23563004e-01	-5.19673899e-02	-5.84510751e-02	8.50691259e-01	-1.42263561e-01	4.17038590e-01	6.66177943e-02	9.47789475e-02	-8.00160050e-01	1.52095690e-01	-6.86925203e-02	-6.62088394e-04	2.62195468e-01	-6.13439791e-02	4.25624363e-02	-1.94745064e-01	
-2.77445465e-01	-7.57171214e-02	3.22407335e-01	3.84445935e-01	-1.26352823e+00	2.14441642e-01	-8.54686052e-02	-5.42737283e-02	2.21519023e-01	-1.00104965e-01	8.65836740e-02	3.03325474e-01	-3.30296606e-01	-1.80598259e-01	-7.82500207e-02	1.38331160e-01	8.51387307e-02	1.92909703e-01	2.39784550e-02	-1.65577412e-01	-1.25771925e-01	-1.04486719e-01	-1.24429263e-01	5.22258272e-03	9.38757211e-02	
-4.19244587e-01	-1.73441693e-01	1.91813678e-01	4.23679113e-01	-1.44427681e+00	5.34634292e-01	-6.65470138e-02	-1.24019478e-02	2.58272976e-01	-9.65241045e-02	4.44775522e-02	3.03139448e-01	-2.55081415e-01	4.94803451e-02	4.76597063e-02	-1.84638306e-01	-1.60120755e-01	2.03263476e-01	2.33552739e-01	1.25145704e-01	1.26811907e-01	-4.26275134e-01	-1.13482084e-02	-6.93634078e-02	-1.99762464e-01	
3.28466088e-01	7.14286789e-02	-2.33664155e-01	-6.43465102e-01	1.16082942e+00	-3.18750590e-01	4.95203026e-02	8.41301754e-02	-1.40716597e-01	9.31048170e-02	2.88168252e-01	-2.46039070e-02	2.77831201e-02	7.04330429e-02	1.40886605e-01	2.95772851e-01	8.24252591e-02	-1.86117306e-01	3.06985646e-01	-8.77248794e-02	1.74310073e-01	8.54970068e-02	-1.78982034e-01	-1.06163025e-02	1.93447828e-01	
2.02954501e-01	-1.03492104e-01	5.13869040e-02	-1.45892188e-01	1.04937196e+00	-1.02542117e-01	-2.35305559e-02	-1.70799986e-01	-2.21894398e-01	1.05660614e-02	5.71067620e-04	-6.72650486e-02	1.20537736e-01	1.53794408e-01	2.28873774e-01	1.35734588e-01	2.14107279e-02	2.84572002e-02	-1.63574442e-02	6.23824373e-02	-1.47496030e-01	1.90677345e-01	-8.18906650e-02	-2.36808546e-02	-1.80062607e-01	
-1.12966917e-01	-1.58286914e-01	-1.63195387e-01	-1.26738980e-01	-1.39498547e-01	1.45270020e-01	-1.41254649e-01	-1.64445922e-01	-1.74361363e-01	1.69930324e-01	-1.79275367e-02	1.32970378e-01	-1.44914180e-01	-1.10894494e-01	-1.93623245e-01	-1.64464474e-01	-1.22643135e-01	1.47710636e-01	-8.31021890e-02	1.36507705e-01	-1.40673876e-01	-1.00185826e-01	-1.81192622e-01	3.73927839e-02	1.20810037e-02	
2.24323630e-01	1.65825635e-02	-1.53158620e-01	-3.08717668e-01	8.40239763e-01	-1.48429975e-01	-1.30809788e-02	3.34499359e-01	8.24331790e-02	3.26726317e-01	1.68849695e-02	-1.51079208e-01	3.75012994e-01	-9.04127136e-02	1.97063118e-01	2.45322332e-01	-5.15045226e-02	-2.24020958e-01	1.37160093e-01	-1.11500382e-01	1.11858442e-01	3.91917646e-01	-1.76368430e-01	9.03588757e-02	-8.66232142e-02	
2.10693955e-01	6.44354001e-02	3.08936797e-02	-4.08828139e-01	9.98588264e-01	-3.01626503e-01	7.16607794e-02	3.23108464e-01	-1.48316965e-01	2.98281699e-01	4.18796875e-02	-1.95129201e-01	1.78893030e-01	8.51140078e-03	1.85368121e-01	2.95526475e-01	-1.40080815e-02	1.93126768e-01	3.01443666e-01	-1.17565565e-01	7.56416842e-02	1.01101778e-01	2.81655882e-02	4.48036455e-02	8.57026130e-02	
5.72400056e-02	-1.76762953e-01	3.62931006e-02	-1.76725119e-01	5.44907093e-01	-3.24740112e-02	-1.30414873e-01	-9.93421227e-02	-4.27611507e-02	4.52592149e-02	-4.61491905e-02	3.78221534e-02	1.11625470e-01	-1.45293623e-01	-5.03734909e-02	7.40100741e-02	-1.75774172e-01	-2.15505525e-01	1.60003770e-02	-1.87584504e-01	-1.89828277e-01	9.73151028e-02	-4.18267697e-02	1.60330132e-01	-8.99825320e-02	
2.86103696e-01	-2.69026924e-02	-1.14798203e-01	-6.44113362e-01	1.01611817e+00	-7.70783946e-02	-1.93299577e-01	2.56171733e-01	-3.54926065e-02	2.73564756e-01	-2.47955807e-02	-1.45794660e-01	2.04674378e-02	-1.94414169e-01	1.93441257e-01	2.09287643e-01	-1.79919004e-01	-8.47037509e-02	1.38246745e-01	1.43436357e-01	-9.81110334e-02	2.93598533e-01	-1.54646024e-01	4.10265941e-03	-6.82768151e-02	
-1.29786968e-01	1.69160590e-01	1.35903388e-01	-1.42159507e-01	-1.89027771e-01	-3.93461697e-02	2.40985882e-02	-1.52623728e-01	6.56933114e-02	1.08544327e-01	-4.73482385e-02	1.72094300e-01	-1.06122948e-01	1.58871844e-01	-6.36344478e-02	-1.93804339e-01	-1.75356910e-01	-1.10938124e-01	-7.93172121e-02	4.61796783e-02	-7.60224834e-02	-1.34273797e-01	-6.08058944e-02	-1.53335974e-01	-1.28008321e-01	
3.67775738e-01	3.67186278e-01	-2.85980046e-01	-1.09034050e+00	1.00386655e+00	-2.25656927e-02	-2.81807426e-02	1.44122437e-01	-3.20033401e-01	5.97346544e-01	2.19293058e-01	2.50567328e-02	3.89524102e-01	-1.22246265e-01	4.14464563e-01	1.10363647e-01	5.21354703e-03	-2.74744958e-01	1.15008680e-02	4.59442148e-03	6.92082196e-02	2.67870277e-01	-1.66720137e-01	-1.35272413e-01	1.96232155e-01	
-3.09464276e-01	-2.35513464e-01	3.49206775e-01	1.29687572e+00	-1.60166466e+00	2.17449173e-01	1.77469000e-01	-5.66858426e-02	4.43433672e-01	-1.15470541e+00	1.42585799e-01	4.18685019e-01	-2.48695865e-01	5.62891960e-02	1.23829111e-01	-1.15403952e-02	2.26263534e-02	2.83376127e-01	-3.94074386e-03	-8.72527361e-02	1.64165601e-01	-3.67069006e-01	-6.81446344e-02	1.96391612e-01	6.12031221e-02	
3.55794638e-01	2.53854245e-01	-5.33625558e-02	-7.14519024e-01	8.06304276e-01	-3.00415695e-01	-2.64500864e-02	2.76972234e-01	-2.19775781e-01	2.97954440e-01	3.53606045e-01	-1.94070205e-01	2.17678443e-01	-1.63399443e-01	1.98551103e-01	6.32631872e-03	-1.88717276e-01	-2.94090174e-02	3.32866848e-01	-6.62072673e-02	4.29897085e-02	3.16736966e-01	1.03094533e-01	1.37399063e-01	1.48873314e-01	
3.25695425e-01	2.62885928e-01	-2.37334460e-01	-4.17189151e-01	9.76641953e-01	-9.03086513e-02	-1.02035545e-01	2.55353689e-01	-1.63163543e-01	8.72698054e-02	1.83421433e-01	-2.78781522e-02	1.38684765e-01	-1.25383362e-01	-2.45210924e-03	-3.99191529e-02	-9.25117731e-02	-9.27590132e-02	2.62425482e-01	-1.73330888e-01	8.99035931e-02	3.08531821e-01	1.29875362e-01	1.32735088e-01	9.12422687e-02	
-2.72746950e-01	-5.86133599e-01	-1.27329755e+00	3.28394443e-01	1.09111264e-01	-1.12028800e-01	5.98784506e-01	3.05156380e-01	2.63145357e-01	1.82657182e-01	-1.69744980e+00	-2.88685977e-01	-4.21408504e-01	2.73147225e-01	6.21654242e-02	1.55672103e-01	2.13000998e-01	2.46151477e-01	-1.67147264e-01	1.54419228e-01	1.56244591e-01	5.24340034e-01	-8.77570510e-01	2.58412868e-01	3.27833444e-01	
3.37341093e-02	
8.52387547e-01	
2.11409226e-01	
7.80366898e-01	
-6.24896049e-01	
3.07818167e-02	
2.82333940e-01	
8.58537018e-01	
8.11140120e-01	
-3.22611332e-02	
4.93467033e-01	
5.03550291e-01	
6.62741482e-01	
8.62731040e-01	
6.07004166e-01	
-2.51447763e-02	
-2.35903665e-01	
2.72220254e-01	
1.01032056e-01	
-2.60299057e-01	
-2.08095893e-01	
3.65107089e-01	
-5.05404949e-01	
-5.33255160e-01	
-7.06916079e-02	
4.93518114e-02	
-1.42415389e-01	
6.71786517e-02	
9.12426189e-02	
2.11094931e-01	
4.43986505e-02	
-9.10196304e-02	
3.66911106e-02	
1.89147085e-01	
5.18304072e-02	
2.52554268e-01	
1.10626109e-01	
-1.29648983e-01	
-1.09592535e-01	
2.40170971e-01	
1.81466252e-01	
1.82197064e-01	
1.19547784e-01	
1.03741940e-02	
-1.76963016e-01	
-8.67103338e-02	
-1.01474971e-01	
-6.92150220e-02	
-1.22880295e-01	
1.72259480e-01	
6.29286095e-02	
2.30657950e-01	
1.18116707e-01	
1.82792559e-01	
-1.86481461e-01	
-7.43404180e-02	
-1.03613799e-02	
1.79830655e-01	
1.25803933e-01	
9.40592438e-02	
-9.19774994e-02	
9.04716253e-02	
2.34411567e-01	
1.75030529e-01	
1.51004478e-01	
-8.80296156e-02	
1.87728524e-01	
3.30144987e-02	
1.03688324e-02	
1.38566896e-01	
-1.33203149e-01	
-2.63899611e-03	
2.51186807e-02	
-6.89518899e-02	
1.18409269e-01	
9.55664888e-02	
