MIN 0: RCval = 4.0222e-04
MIN 1: RCval = 5.9611e-01
MIN 2: RCval = 7.8939e-01
MIN 3: RCval = 9.9949e-01
BETA = 5.00
NEXIT = 10000
Milestones:
1.0000e-02
6.1579e-02
1.1316e-01
1.6474e-01
2.1632e-01
2.6789e-01
3.1947e-01
3.7105e-01
4.2263e-01
4.7421e-01
5.2579e-01
5.7737e-01
6.2895e-01
6.8053e-01
7.3211e-01
7.8368e-01
8.3526e-01
8.8684e-01
9.3842e-01
9.9000e-01
Run 0: from min 0 to min 3
0	1.1648e+02
1	2.6579e-02
2	4.8160e-01
3	6.4998e-01
4	6.9979e-01
5	7.2506e-01
6	7.5008e-01
7	7.6693e-01
8	7.9252e-01
9	8.2692e-01
10	8.5426e-01
11	8.7512e-01
12	8.5889e-01
13	8.5940e-01
14	8.7009e-01
15	8.9342e-01
16	9.0992e-01
17	9.3888e-01
18	9.1895e-01
19	7.4294e-01
Escape_rate = 4.6380e-02
CPU time = 3681.74
Run 1: from min 0 to min 3
0	7.7812e+01
1	2.6002e-02
2	4.8251e-01
3	6.5539e-01
4	7.0314e-01
5	7.2249e-01
6	7.5420e-01
7	7.8156e-01
8	7.9051e-01
9	8.2967e-01
10	8.6007e-01
11	8.7920e-01
12	8.5441e-01
13	8.5558e-01
14	8.6520e-01
15	8.8944e-01
16	9.1083e-01
17	9.4171e-01
18	9.2106e-01
19	7.4566e-01
Escape_rate = 3.1489e-02
CPU time = 3841.1
Run 2: from min 0 to min 3
0	1.1334e+02
1	2.6682e-02
2	4.9436e-01
3	6.5176e-01
4	7.0867e-01
5	7.2396e-01
6	7.5013e-01
7	7.7346e-01
8	8.0045e-01
9	8.2433e-01
10	8.5499e-01
11	8.7904e-01
12	8.5807e-01
13	8.5940e-01
14	8.7047e-01
15	8.9190e-01
16	9.1116e-01
17	9.3773e-01
18	9.2413e-01
19	7.4438e-01
Escape_rate = 4.8404e-02
CPU time = 3871.46
Run 3: from min 0 to min 3
0	9.4327e+01
1	2.5497e-02
2	4.8412e-01
3	6.5811e-01
4	7.0467e-01
5	7.2464e-01
6	7.5438e-01
7	7.7658e-01
8	7.8777e-01
9	8.2399e-01
10	8.5077e-01
11	8.7727e-01
12	8.5815e-01
13	8.5558e-01
14	8.7040e-01
15	8.9254e-01
16	9.1391e-01
17	9.4038e-01
18	9.2421e-01
19	7.4383e-01
Escape_rate = 3.7424e-02
CPU time = 3795.96
Run 4: from min 0 to min 3
0	7.8941e+01
1	2.7527e-02
2	4.9495e-01
3	6.5863e-01
4	7.1480e-01
5	7.2396e-01
6	7.5614e-01
7	7.7985e-01
8	7.9334e-01
9	8.2583e-01
10	8.5889e-01
11	8.7573e-01
12	8.5266e-01
13	8.5852e-01
14	8.6274e-01
15	8.9000e-01
16	9.1291e-01
17	9.3449e-01
18	9.2208e-01
19	7.4234e-01
Escape_rate = 3.4962e-02
CPU time = 3825.47
Run 5: from min 0 to min 3
0	1.1542e+02
1	2.5741e-02
2	4.8814e-01
3	6.5449e-01
4	7.0932e-01
5	7.3099e-01
6	7.4934e-01
7	7.7773e-01
8	7.9384e-01
9	8.3063e-01
10	8.5999e-01
11	8.7390e-01
12	8.5551e-01
13	8.5034e-01
14	8.6678e-01
15	8.9166e-01
16	9.0777e-01
17	9.3782e-01
18	9.2268e-01
19	7.4985e-01
Escape_rate = 4.7074e-02
CPU time = 3844.57
Run 6: from min 0 to min 3
0	1.0284e+02
1	2.5139e-02
2	4.8095e-01
3	6.4817e-01
4	6.9032e-01
5	7.0847e-01
6	7.3943e-01
7	7.6705e-01
8	7.8431e-01
9	8.2359e-01
10	8.5638e-01
11	8.7642e-01
12	8.5339e-01
13	8.5609e-01
14	8.7169e-01
15	8.8984e-01
16	9.0843e-01
17	9.3985e-01
18	9.2123e-01
19	7.4577e-01
Escape_rate = 3.6027e-02
CPU time = 3806.03
Run 7: from min 0 to min 3
0	6.8269e+01
1	2.5324e-02
2	4.7583e-01
3	6.5569e-01
4	6.9828e-01
5	7.1984e-01
6	7.5723e-01
7	7.6923e-01
8	7.9352e-01
9	8.2939e-01
10	8.5514e-01
11	8.7997e-01
12	8.5771e-01
13	8.5339e-01
14	8.6730e-01
15	8.9381e-01
16	9.1149e-01
17	9.3423e-01
18	9.1996e-01
19	7.4405e-01
Escape_rate = 2.5868e-02
CPU time = 3868.68
Run 8: from min 0 to min 3
0	1.0128e+02
1	2.5608e-02
2	4.8480e-01
3	6.4470e-01
4	6.9930e-01
5	7.2260e-01
6	7.4228e-01
7	7.6746e-01
8	7.9352e-01
9	8.2775e-01
10	8.4890e-01
11	8.7169e-01
12	8.5288e-01
13	8.5441e-01
14	8.7291e-01
15	8.9015e-01
16	9.1349e-01
17	9.3861e-01
18	9.2073e-01
19	7.5041e-01
Escape_rate = 3.8043e-02
CPU time = 3517.12
Run 9: from min 0 to min 3
0	7.9513e+01
1	2.5491e-02
2	4.8572e-01
3	6.4834e-01
4	7.0437e-01
5	7.1551e-01
6	7.4316e-01
7	7.6840e-01
8	7.8438e-01
9	8.2021e-01
10	8.4890e-01
11	8.7765e-01
12	8.5310e-01
13	8.5063e-01
14	8.6678e-01
15	8.9270e-01
16	9.1299e-01
17	9.3967e-01
18	9.2370e-01
19	7.4895e-01
Escape_rate = 2.9344e-02
CPU time = 3521.19
Escape rate vector:
4.6380e-02
3.1489e-02
4.8404e-02
3.7424e-02
3.4962e-02
4.7074e-02
3.6027e-02
2.5868e-02
3.8043e-02
2.9344e-02
Mean escape rate = 3.7502e-02
Standard deviation = 7.7194e-03
