MIN 0: RCval = 9.9997e-01
MIN 1: RCval = 4.7924e-01
MIN 2: RCval = 2.4069e-01
MIN 3: RCval = 1.6571e-03
BETA = 7.00
NEXIT = 10000
Milestones:
1.0000e-02
6.1579e-02
1.1316e-01
1.6474e-01
2.1632e-01
2.6789e-01
3.1947e-01
3.7105e-01
4.2263e-01
4.7421e-01
5.2579e-01
5.7737e-01
6.2895e-01
6.8053e-01
7.3211e-01
7.8368e-01
8.3526e-01
8.8684e-01
9.3842e-01
9.9000e-01
Run 0: from min 3 to min 0
0	7.1552e+01
1	3.3061e-02
2	5.5045e-01
3	4.4482e-01
4	5.4374e-01
5	6.1252e-01
6	6.0540e-01
7	6.6876e-01
8	7.3883e-01
9	8.8976e-01
10	9.4913e-01
11	9.5685e-01
12	9.6200e-01
13	9.6880e-01
14	9.6386e-01
15	9.6423e-01
16	9.6684e-01
17	9.6451e-01
18	9.6516e-01
19	9.6191e-01
Escape_rate = 3.4966e-02
CPU time = 7004.26
Run 1: from min 3 to min 0
0	8.4258e+01
1	3.3274e-02
2	5.4885e-01
3	4.3204e-01
4	5.4389e-01
5	6.0669e-01
6	6.0053e-01
7	6.6260e-01
8	7.4102e-01
9	8.8747e-01
10	9.3694e-01
11	9.5804e-01
12	9.6117e-01
13	9.6937e-01
14	9.6824e-01
15	9.6721e-01
16	9.6367e-01
17	9.6834e-01
18	9.6740e-01
19	9.6293e-01
Escape_rate = 3.9083e-02
CPU time = 7060.42
Run 2: from min 3 to min 0
0	9.5734e+01
1	3.2273e-02
2	5.4672e-01
3	4.4559e-01
4	5.5182e-01
5	6.0632e-01
6	6.0864e-01
7	6.7137e-01
8	7.4599e-01
9	8.9413e-01
10	9.4429e-01
11	9.5557e-01
12	9.6256e-01
13	9.6815e-01
14	9.6712e-01
15	9.6339e-01
16	9.6274e-01
17	9.5960e-01
18	9.6506e-01
19	9.6191e-01
Escape_rate = 4.6117e-02
CPU time = 7153.14
Run 3: from min 3 to min 0
0	7.1093e+01
1	3.2820e-02
2	5.5112e-01
3	4.4859e-01
4	5.4401e-01
5	6.0942e-01
6	5.9361e-01
7	6.5781e-01
8	7.3282e-01
9	8.8771e-01
10	9.4563e-01
11	9.5184e-01
12	9.6108e-01
13	9.6572e-01
14	9.6460e-01
15	9.6404e-01
16	9.6469e-01
17	9.6367e-01
18	9.6432e-01
19	9.6228e-01
Escape_rate = 3.2555e-02
CPU time = 7193.29
Run 4: from min 3 to min 0
0	9.3696e+01
1	3.4403e-02
2	5.6259e-01
3	4.4518e-01
4	5.4840e-01
5	6.0226e-01
6	5.9520e-01
7	6.5699e-01
8	7.2490e-01
9	8.8176e-01
10	9.4581e-01
11	9.5356e-01
12	9.6135e-01
13	9.6899e-01
14	9.6600e-01
15	9.6413e-01
16	9.6293e-01
17	9.6534e-01
18	9.6246e-01
19	9.5942e-01
Escape_rate = 4.4761e-02
CPU time = 6718.82
Run 5: from min 3 to min 0
0	9.5641e+01
1	3.2303e-02
2	5.5386e-01
3	4.4516e-01
4	5.3859e-01
5	5.9613e-01
6	5.8126e-01
7	6.4645e-01
8	7.2124e-01
9	8.7581e-01
10	9.4411e-01
11	9.5402e-01
12	9.6154e-01
13	9.6787e-01
14	9.6553e-01
15	9.6581e-01
16	9.6108e-01
17	9.6367e-01
18	9.6628e-01
19	9.5896e-01
Escape_rate = 3.8940e-02
CPU time = 6571.39
Run 6: from min 3 to min 0
0	1.2721e+02
1	3.3917e-02
2	5.5488e-01
3	4.3558e-01
4	5.3593e-01
5	5.9137e-01
6	5.7026e-01
7	6.3898e-01
8	7.1741e-01
9	8.7558e-01
10	9.3738e-01
11	9.5102e-01
12	9.5749e-01
13	9.6646e-01
14	9.6525e-01
15	9.6460e-01
16	9.6469e-01
17	9.5997e-01
18	9.6358e-01
19	9.6117e-01
Escape_rate = 4.9836e-02
CPU time = 6602.13
Run 7: from min 3 to min 0
0	1.0951e+02
1	3.2716e-02
2	5.5109e-01
3	4.4240e-01
4	5.4445e-01
5	6.0205e-01
6	5.9287e-01
7	6.5300e-01
8	7.2307e-01
9	8.8075e-01
10	9.4625e-01
11	9.5822e-01
12	9.6163e-01
13	9.6712e-01
14	9.6637e-01
15	9.6376e-01
16	9.6321e-01
17	9.6274e-01
18	9.6228e-01
19	9.6311e-01
Escape_rate = 4.7648e-02
CPU time = 6564.3
Run 8: from min 3 to min 0
0	1.0027e+02
1	3.3832e-02
2	5.5024e-01
3	4.4715e-01
4	5.4380e-01
5	6.0610e-01
6	5.9794e-01
7	6.5889e-01
8	7.5002e-01
9	8.9453e-01
10	9.5111e-01
11	9.5456e-01
12	9.6386e-01
13	9.6871e-01
14	9.7031e-01
15	9.6609e-01
16	9.6609e-01
17	9.6618e-01
18	9.6712e-01
19	9.6386e-01
Escape_rate = 5.0277e-02
CPU time = 6495.93
Run 9: from min 3 to min 0
0	5.6844e+01
1	3.4792e-02
2	5.5249e-01
3	4.4729e-01
4	5.4224e-01
5	6.1805e-01
6	6.0161e-01
7	6.7340e-01
8	7.4449e-01
9	8.8339e-01
10	9.4340e-01
11	9.5374e-01
12	9.6460e-01
13	9.7050e-01
14	9.6590e-01
15	9.6423e-01
16	9.6246e-01
17	9.6796e-01
18	9.6637e-01
19	9.6237e-01
Escape_rate = 2.9661e-02
CPU time = 6434.2
Escape rate vector:
3.4966e-02
3.9083e-02
4.6117e-02
3.2555e-02
4.4761e-02
3.8940e-02
4.9836e-02
4.7648e-02
5.0277e-02
2.9661e-02
Mean escape rate = 4.1384e-02
Standard deviation = 7.3890e-03
