MIN 0: RCval = 1.3924e-05
MIN 1: RCval = 4.8111e-01
MIN 2: RCval = 6.7471e-01
MIN 3: RCval = 9.9993e-01
BETA = 9.00
NEXIT = 10000
Milestones:
1.0000e-02
6.1579e-02
1.1316e-01
1.6474e-01
2.1632e-01
2.6789e-01
3.1947e-01
3.7105e-01
4.2263e-01
4.7421e-01
5.2579e-01
5.7737e-01
6.2895e-01
6.8053e-01
7.3211e-01
7.8368e-01
8.3526e-01
8.8684e-01
9.3842e-01
9.9000e-01
Run 0: from min 0 to min 3
0	5.4251e-01
1	1.3606e-02
2	4.7340e-01
3	6.3044e-01
4	7.1144e-01
5	7.6817e-01
6	8.0257e-01
7	8.0939e-01
8	8.2515e-01
9	8.5237e-01
10	8.7497e-01
11	8.7451e-01
12	7.9384e-01
13	8.9015e-01
14	9.3458e-01
15	9.5850e-01
16	9.3458e-01
17	9.1718e-01
18	9.1600e-01
19	6.8913e-01
Escape_rate = 1.4416e-04
CPU time = 17938.5
Run 1: from min 0 to min 3
0	4.6960e-01
1	1.3974e-02
2	4.7978e-01
3	6.3072e-01
4	7.0992e-01
5	7.8052e-01
6	8.0238e-01
7	8.0302e-01
8	8.2857e-01
9	8.3963e-01
10	8.7063e-01
11	8.7336e-01
12	7.8542e-01
13	8.8968e-01
14	9.3397e-01
15	9.5767e-01
16	9.3153e-01
17	9.2115e-01
18	9.1550e-01
19	6.9319e-01
Escape_rate = 1.2764e-04
CPU time = 17432.8
Run 2: from min 0 to min 3
0	5.1303e-01
1	1.4096e-02
2	4.8286e-01
3	6.2775e-01
4	7.1195e-01
5	7.6970e-01
6	8.0965e-01
7	8.0873e-01
8	8.3029e-01
9	8.5499e-01
10	8.7727e-01
11	8.7689e-01
12	7.9033e-01
13	8.9206e-01
14	9.3223e-01
15	9.5694e-01
16	9.2773e-01
17	9.1979e-01
18	9.1466e-01
19	6.9358e-01
Escape_rate = 1.4624e-04
CPU time = 16458.5
Run 3: from min 0 to min 3
0	4.4924e-01
1	1.3910e-02
2	4.8288e-01
3	6.3371e-01
4	7.1210e-01
5	7.7688e-01
6	8.0959e-01
7	8.0887e-01
8	8.2692e-01
9	8.4710e-01
10	8.7405e-01
11	8.7604e-01
12	7.8883e-01
13	9.0009e-01
14	9.3484e-01
15	9.5584e-01
16	9.3414e-01
17	9.1996e-01
18	9.2098e-01
19	6.9411e-01
Escape_rate = 1.2951e-04
CPU time = 16829.6
Run 4: from min 0 to min 3
0	4.6774e-01
1	1.3767e-02
2	4.8412e-01
3	6.2239e-01
4	7.1337e-01
5	7.7447e-01
6	8.0926e-01
7	8.0257e-01
8	8.2734e-01
9	8.4367e-01
10	8.6896e-01
11	8.7352e-01
12	7.9923e-01
13	8.9710e-01
14	9.3093e-01
15	9.5611e-01
16	9.3694e-01
17	9.1895e-01
18	9.2056e-01
19	6.9411e-01
Escape_rate = 1.2951e-04
CPU time = 15955.1
Run 5: from min 0 to min 3
0	4.7358e-01
1	1.3918e-02
2	4.8754e-01
3	6.3444e-01
4	7.1393e-01
5	7.7857e-01
6	8.1606e-01
7	8.0860e-01
8	8.2891e-01
9	8.4724e-01
10	8.7116e-01
11	8.7650e-01
12	7.9195e-01
13	8.9453e-01
14	9.3668e-01
15	9.5703e-01
16	9.3275e-01
17	9.2379e-01
18	9.1634e-01
19	6.9089e-01
Escape_rate = 1.3892e-04
CPU time = 16483
Run 6: from min 0 to min 3
0	4.9276e-01
1	1.3793e-02
2	4.8344e-01
3	6.3135e-01
4	7.1746e-01
5	7.7658e-01
6	8.0880e-01
7	8.0775e-01
8	8.2515e-01
9	8.4126e-01
10	8.6244e-01
11	8.7612e-01
12	8.0180e-01
13	8.9526e-01
14	9.3580e-01
15	9.5859e-01
16	9.3197e-01
17	9.1542e-01
18	9.1777e-01
19	6.9517e-01
Escape_rate = 1.3882e-04
CPU time = 16387.1
Run 7: from min 0 to min 3
0	4.6177e-01
1	1.3606e-02
2	4.7416e-01
3	6.2996e-01
4	7.0811e-01
5	7.7429e-01
6	8.0671e-01
7	8.0952e-01
8	8.2122e-01
9	8.3998e-01
10	8.7474e-01
11	8.7214e-01
12	7.9397e-01
13	8.9759e-01
14	9.3475e-01
15	9.5960e-01
16	9.3240e-01
17	9.1701e-01
18	9.1735e-01
19	6.8376e-01
Escape_rate = 1.2124e-04
CPU time = 16156.5
Run 8: from min 0 to min 3
0	4.7619e-01
1	1.3699e-02
2	4.7792e-01
3	6.2298e-01
4	7.0398e-01
5	7.6464e-01
6	8.0587e-01
7	8.0347e-01
8	8.2359e-01
9	8.4189e-01
10	8.6753e-01
11	8.7260e-01
12	7.9567e-01
13	8.9166e-01
14	9.3423e-01
15	9.5383e-01
16	9.3318e-01
17	9.2208e-01
18	9.1794e-01
19	6.9027e-01
Escape_rate = 1.2247e-04
CPU time = 14642.4
Run 9: from min 0 to min 3
0	5.0146e-01
1	1.3631e-02
2	4.7315e-01
3	6.2317e-01
4	7.0987e-01
5	7.6353e-01
6	8.0821e-01
7	8.1004e-01
8	8.2433e-01
9	8.4041e-01
10	8.6851e-01
11	8.7935e-01
12	7.9789e-01
13	8.9318e-01
14	9.3659e-01
15	9.5932e-01
16	9.3101e-01
17	9.1794e-01
18	9.1811e-01
19	6.9334e-01
Escape_rate = 1.3181e-04
CPU time = 14543.5
Escape rate vector:
1.4416e-04
1.2764e-04
1.4624e-04
1.2951e-04
1.2951e-04
1.3892e-04
1.3882e-04
1.2124e-04
1.2247e-04
1.3181e-04
Mean escape rate = 1.3303e-04
Standard deviation = 8.6427e-06
