MIN 0: RCval = 3.1071e-05
MIN 1: RCval = 5.2076e-01
MIN 2: RCval = 7.5931e-01
MIN 3: RCval = 9.9834e-01
BETA = 7.00
NEXIT = 10000
Milestones:
1.0000e-02
6.1579e-02
1.1316e-01
1.6474e-01
2.1632e-01
2.6789e-01
3.1947e-01
3.7105e-01
4.2263e-01
4.7421e-01
5.2579e-01
5.7737e-01
6.2895e-01
6.8053e-01
7.3211e-01
7.8368e-01
8.3526e-01
8.8684e-01
9.3842e-01
9.9000e-01
Run 0: from min 0 to min 3
0	6.8911e+00
1	2.0101e-02
2	4.6607e-01
3	6.1900e-01
4	6.9594e-01
5	7.5392e-01
6	7.9390e-01
7	8.1420e-01
8	8.1920e-01
9	8.3850e-01
10	8.5992e-01
11	8.7719e-01
12	8.9453e-01
13	8.9238e-01
14	8.9262e-01
15	9.2773e-01
16	9.2678e-01
17	8.6738e-01
18	8.2183e-01
19	5.2364e-01
Escape_rate = 1.6060e-03
CPU time = 11832.7
Run 1: from min 0 to min 3
0	6.7930e+00
1	2.1186e-02
2	4.8003e-01
3	6.3151e-01
4	7.0867e-01
5	7.6313e-01
6	8.0457e-01
7	8.2542e-01
8	8.3056e-01
9	8.4674e-01
10	8.6029e-01
11	8.7951e-01
12	8.9174e-01
13	8.9638e-01
14	8.8660e-01
15	9.2730e-01
16	9.2413e-01
17	8.6663e-01
18	8.3209e-01
19	5.2024e-01
Escape_rate = 1.8996e-03
CPU time = 11975.2
Run 2: from min 0 to min 3
0	6.6219e+00
1	2.1148e-02
2	4.6913e-01
3	6.3391e-01
4	7.0427e-01
5	7.4828e-01
6	7.9656e-01
7	8.2271e-01
8	8.2325e-01
9	8.4638e-01
10	8.6378e-01
11	8.7504e-01
12	8.9174e-01
13	8.9614e-01
14	8.8535e-01
15	9.2353e-01
16	9.2601e-01
17	8.6843e-01
18	8.2501e-01
19	5.0707e-01
Escape_rate = 1.6651e-03
CPU time = 11942.1
Run 3: from min 0 to min 3
0	7.2448e+00
1	2.1236e-02
2	4.7293e-01
3	6.3255e-01
4	7.0249e-01
5	7.5994e-01
6	8.0103e-01
7	8.2576e-01
8	8.2912e-01
9	8.4034e-01
10	8.6192e-01
11	8.7291e-01
12	8.9421e-01
13	8.9686e-01
14	8.9373e-01
15	9.2302e-01
16	9.2687e-01
17	8.6678e-01
18	8.2850e-01
19	5.1581e-01
Escape_rate = 1.9351e-03
CPU time = 11257.7
Run 4: from min 0 to min 3
0	6.8993e+00
1	2.1244e-02
2	4.7558e-01
3	6.2731e-01
4	7.0423e-01
5	7.6278e-01
6	7.8518e-01
7	8.2413e-01
8	8.2311e-01
9	8.3542e-01
10	8.5756e-01
11	8.7017e-01
12	8.9214e-01
13	9.0269e-01
14	8.8968e-01
15	9.2593e-01
16	9.3214e-01
17	8.6828e-01
18	8.2495e-01
19	5.1664e-01
Escape_rate = 1.7848e-03
CPU time = 11330.8
Run 5: from min 0 to min 3
0	6.7391e+00
1	2.1689e-02
2	4.8230e-01
3	6.3796e-01
4	7.1721e-01
5	7.5563e-01
6	7.9409e-01
7	8.2501e-01
8	8.2651e-01
9	8.4545e-01
10	8.6326e-01
11	8.7504e-01
12	8.9775e-01
13	8.9960e-01
14	8.9461e-01
15	9.2073e-01
16	9.2747e-01
17	8.7154e-01
18	8.2542e-01
19	5.1594e-01
Escape_rate = 1.9301e-03
CPU time = 11238.5
Run 6: from min 0 to min 3
0	6.9563e+00
1	2.0341e-02
2	4.7159e-01
3	6.2480e-01
4	7.0294e-01
5	7.4968e-01
6	7.9409e-01
7	8.2048e-01
8	8.2740e-01
9	8.4645e-01
10	8.6073e-01
11	8.7858e-01
12	8.9437e-01
13	9.0253e-01
14	8.9286e-01
15	9.1979e-01
16	9.2825e-01
17	8.7222e-01
18	8.2734e-01
19	5.2921e-01
Escape_rate = 1.7816e-03
CPU time = 10801.7
Run 7: from min 0 to min 3
0	6.7116e+00
1	2.0890e-02
2	4.7275e-01
3	6.2945e-01
4	7.0786e-01
5	7.5907e-01
6	8.0373e-01
7	8.2386e-01
8	8.2352e-01
9	8.4317e-01
10	8.6483e-01
11	8.7474e-01
12	8.9079e-01
13	9.0245e-01
14	8.9135e-01
15	9.2661e-01
16	9.3301e-01
17	8.6790e-01
18	8.2960e-01
19	5.1744e-01
Escape_rate = 1.7996e-03
CPU time = 11069.5
Run 8: from min 0 to min 3
0	7.2526e+00
1	2.0793e-02
2	4.6627e-01
3	6.1448e-01
4	6.9730e-01
5	7.4895e-01
6	7.9637e-01
7	8.2740e-01
8	8.2871e-01
9	8.4246e-01
10	8.6229e-01
11	8.7843e-01
12	8.9485e-01
13	8.9831e-01
14	8.8778e-01
15	9.2268e-01
16	9.2653e-01
17	8.6806e-01
18	8.2563e-01
19	5.2121e-01
Escape_rate = 1.7919e-03
CPU time = 10971.3
Run 9: from min 0 to min 3
0	7.6109e+00
1	2.0851e-02
2	4.7436e-01
3	6.3323e-01
4	6.9652e-01
5	7.5666e-01
6	7.9145e-01
7	8.2645e-01
8	8.2699e-01
9	8.4203e-01
10	8.6281e-01
11	8.7689e-01
12	8.9485e-01
13	9.0204e-01
14	8.9182e-01
15	9.1946e-01
16	9.3110e-01
17	8.6528e-01
18	8.2556e-01
19	5.2208e-01
Escape_rate = 1.9898e-03
CPU time = 10974.1
Escape rate vector:
1.6060e-03
1.8996e-03
1.6651e-03
1.9351e-03
1.7848e-03
1.9301e-03
1.7816e-03
1.7996e-03
1.7919e-03
1.9898e-03
Mean escape rate = 1.8184e-03
Standard deviation = 1.2214e-04
