MIN 0: RCval = 9.9960e-01
MIN 1: RCval = 4.0389e-01
MIN 2: RCval = 2.1061e-01
MIN 3: RCval = 5.0905e-04
BETA = 5.00
NEXIT = 10000
Milestones:
1.0000e-02
6.1579e-02
1.1316e-01
1.6474e-01
2.1632e-01
2.6789e-01
3.1947e-01
3.7105e-01
4.2263e-01
4.7421e-01
5.2579e-01
5.7737e-01
6.2895e-01
6.8053e-01
7.3211e-01
7.8368e-01
8.3526e-01
8.8684e-01
9.3842e-01
9.9000e-01
Run 0: from min 3 to min 0
0	6.3637e+01
1	9.0159e-02
2	6.6344e-01
3	6.9353e-01
4	6.6458e-01
5	5.4195e-01
6	5.6931e-01
7	6.8055e-01
8	6.1316e-01
9	8.9342e-01
10	9.1174e-01
11	9.1466e-01
12	9.1274e-01
13	9.1575e-01
14	9.0351e-01
15	9.0424e-01
16	9.2174e-01
17	9.4029e-01
18	9.4607e-01
19	9.5374e-01
Escape_rate = 8.9874e-02
CPU time = 3582.78
Run 1: from min 3 to min 0
0	6.9265e+01
1	9.0225e-02
2	6.7861e-01
3	6.9828e-01
4	6.7618e-01
5	5.3322e-01
6	5.6802e-01
7	6.5980e-01
8	5.8910e-01
9	8.9222e-01
10	9.1349e-01
11	9.1416e-01
12	9.1827e-01
13	9.0909e-01
14	9.0637e-01
15	9.0703e-01
16	9.2056e-01
17	9.3985e-01
18	9.4545e-01
19	9.6182e-01
Escape_rate = 9.4835e-02
CPU time = 3759.28
Run 2: from min 3 to min 0
0	5.3979e+01
1	9.0280e-02
2	6.6644e-01
3	6.8985e-01
4	6.6578e-01
5	5.2075e-01
6	5.5757e-01
7	6.6348e-01
8	6.0129e-01
9	8.8976e-01
10	9.0909e-01
11	9.0901e-01
12	9.1416e-01
13	9.0851e-01
14	9.0851e-01
15	9.1158e-01
16	9.2739e-01
17	9.3817e-01
18	9.4769e-01
19	9.6052e-01
Escape_rate = 6.9207e-02
CPU time = 3687.17
Run 3: from min 3 to min 0
0	4.2499e+01
1	8.8951e-02
2	6.7024e-01
3	6.9989e-01
4	6.7861e-01
5	5.5386e-01
6	5.8558e-01
7	6.9214e-01
8	6.4123e-01
9	8.9606e-01
10	9.2183e-01
11	9.2276e-01
12	9.2370e-01
13	9.1491e-01
14	9.1042e-01
15	9.1634e-01
16	9.2997e-01
17	9.4563e-01
18	9.4949e-01
19	9.5877e-01
Escape_rate = 7.4523e-02
CPU time = 3651.79
Run 4: from min 3 to min 0
0	5.2433e+01
1	8.8363e-02
2	6.7123e-01
3	6.8871e-01
4	6.7517e-01
5	5.3668e-01
6	5.6319e-01
7	6.6212e-01
8	5.8945e-01
9	8.8944e-01
10	9.1158e-01
11	9.1366e-01
12	9.1158e-01
13	9.1008e-01
14	9.0926e-01
15	9.1058e-01
16	9.2191e-01
17	9.3659e-01
18	9.4769e-01
19	9.5740e-01
Escape_rate = 6.8003e-02
CPU time = 3704.96
Run 5: from min 3 to min 0
0	3.9895e+01
1	8.9692e-02
2	6.6436e-01
3	6.9214e-01
4	6.7381e-01
5	5.5497e-01
6	5.9077e-01
7	7.0373e-01
8	6.6684e-01
9	9.1316e-01
10	9.2584e-01
11	9.2276e-01
12	9.2739e-01
13	9.1886e-01
14	9.2005e-01
15	9.1760e-01
16	9.2963e-01
17	9.4242e-01
18	9.4652e-01
19	9.5758e-01
Escape_rate = 7.6020e-02
CPU time = 3600.74
Run 6: from min 3 to min 0
0	4.5249e+01
1	8.6105e-02
2	6.6676e-01
3	7.0136e-01
4	6.7146e-01
5	5.4224e-01
6	5.8011e-01
7	6.7889e-01
8	6.0241e-01
9	8.9366e-01
10	9.1199e-01
11	9.1383e-01
12	9.1500e-01
13	9.0843e-01
14	9.0728e-01
15	9.1174e-01
16	9.2567e-01
17	9.4047e-01
18	9.5057e-01
19	9.5484e-01
Escape_rate = 6.3683e-02
CPU time = 3745.92
Run 7: from min 3 to min 0
0	3.7925e+01
1	9.0156e-02
2	6.6168e-01
3	7.0582e-01
4	6.8385e-01
5	5.5651e-01
6	5.9895e-01
7	7.2077e-01
8	6.9156e-01
9	9.1558e-01
10	9.2945e-01
11	9.2473e-01
12	9.1609e-01
13	9.1895e-01
14	9.1996e-01
15	9.1408e-01
16	9.3223e-01
17	9.4411e-01
18	9.4607e-01
19	9.5776e-01
Escape_rate = 8.0606e-02
CPU time = 3551.22
Run 8: from min 3 to min 0
0	3.5459e+01
1	8.9643e-02
2	6.7682e-01
3	7.0023e-01
4	6.9175e-01
5	5.7488e-01
6	6.1977e-01
7	7.2427e-01
8	6.8357e-01
9	9.0670e-01
10	9.2090e-01
11	9.2259e-01
12	9.1996e-01
13	9.2336e-01
14	9.1886e-01
15	9.1684e-01
16	9.2937e-01
17	9.4643e-01
18	9.5012e-01
19	9.5886e-01
Escape_rate = 8.1206e-02
CPU time = 3421.57
Run 9: from min 3 to min 0
0	4.5329e+01
1	8.6166e-02
2	6.6063e-01
3	6.8442e-01
4	6.8009e-01
5	5.3981e-01
6	5.9098e-01
7	6.9266e-01
8	6.4737e-01
9	9.0637e-01
10	9.2507e-01
11	9.2473e-01
12	9.1760e-01
13	9.1794e-01
14	9.1558e-01
15	9.1794e-01
16	9.3119e-01
17	9.4003e-01
18	9.4742e-01
19	9.5813e-01
Escape_rate = 7.4931e-02
CPU time = 3298.8
Escape rate vector:
8.9874e-02
9.4835e-02
6.9207e-02
7.4523e-02
6.8003e-02
7.6020e-02
6.3683e-02
8.0606e-02
8.1206e-02
7.4931e-02
Mean escape rate = 7.7289e-02
Standard deviation = 9.6843e-03
