MIN 0: RCval = 9.9999e-01
MIN 1: RCval = 5.1889e-01
MIN 2: RCval = 3.2529e-01
MIN 3: RCval = 6.8663e-05
BETA = 9.00
NEXIT = 10000
Milestones:
1.0000e-02
6.1579e-02
1.1316e-01
1.6474e-01
2.1632e-01
2.6789e-01
3.1947e-01
3.7105e-01
4.2263e-01
4.7421e-01
5.2579e-01
5.7737e-01
6.2895e-01
6.8053e-01
7.3211e-01
7.8368e-01
8.3526e-01
8.8684e-01
9.3842e-01
9.9000e-01
Run 0: from min 3 to min 0
0	2.6686e+01
1	7.4528e-02
2	6.6542e-01
3	6.3391e-01
4	5.8404e-01
5	6.8111e-01
6	6.6423e-01
7	4.8560e-01
8	4.8914e-01
9	6.2941e-01
10	7.3346e-01
11	9.7324e-01
12	9.6777e-01
13	9.6098e-01
14	9.6479e-01
15	9.6135e-01
16	9.5593e-01
17	9.5859e-01
18	9.5429e-01
19	9.4697e-01
Escape_rate = 1.6898e-02
CPU time = 13318.8
Run 1: from min 3 to min 0
0	3.2511e+01
1	7.3680e-02
2	6.6194e-01
3	6.2972e-01
4	5.8028e-01
5	6.6867e-01
6	6.4354e-01
7	4.6356e-01
8	4.5438e-01
9	5.7887e-01
10	7.3970e-01
11	9.7523e-01
12	9.6777e-01
13	9.6432e-01
14	9.6609e-01
15	9.6089e-01
16	9.6172e-01
17	9.5685e-01
18	9.5274e-01
19	9.4509e-01
Escape_rate = 1.5743e-02
CPU time = 13363.3
Run 2: from min 3 to min 0
0	3.6893e+01
1	7.4496e-02
2	6.6326e-01
3	6.3032e-01
4	5.7927e-01
5	6.6640e-01
6	6.4608e-01
7	4.6970e-01
8	4.5842e-01
9	5.7650e-01
10	6.9828e-01
11	9.7609e-01
12	9.7153e-01
13	9.6386e-01
14	9.6228e-01
15	9.5795e-01
16	9.5529e-01
17	9.5475e-01
18	9.5211e-01
19	9.4340e-01
Escape_rate = 1.7145e-02
CPU time = 12888.9
Run 3: from min 3 to min 0
0	2.1634e+01
1	7.6242e-02
2	6.7549e-01
3	6.4119e-01
4	5.8661e-01
5	6.8493e-01
6	6.5232e-01
7	4.8640e-01
8	4.6436e-01
9	5.8268e-01
10	7.1480e-01
11	9.7466e-01
12	9.7125e-01
13	9.6702e-01
14	9.6423e-01
15	9.6219e-01
16	9.5694e-01
17	9.5493e-01
18	9.5193e-01
19	9.4572e-01
Escape_rate = 1.2307e-02
CPU time = 12571.5
Run 4: from min 3 to min 0
0	3.8517e+01
1	6.9787e-02
2	6.5863e-01
3	6.2461e-01
4	5.7435e-01
5	6.6698e-01
6	6.3715e-01
7	4.5130e-01
8	4.3509e-01
9	5.5145e-01
10	6.9935e-01
11	9.7972e-01
12	9.7210e-01
13	9.6283e-01
14	9.6562e-01
15	9.6237e-01
16	9.5365e-01
17	9.5456e-01
18	9.5238e-01
19	9.3941e-01
Escape_rate = 1.4185e-02
CPU time = 12644.6
Run 5: from min 3 to min 0
0	3.1620e+01
1	7.2619e-02
2	6.8083e-01
3	6.3723e-01
4	5.9175e-01
5	6.7930e-01
6	6.5811e-01
7	4.7854e-01
8	4.5650e-01
9	5.8415e-01
10	7.1480e-01
11	9.7742e-01
12	9.6843e-01
13	9.6590e-01
14	9.6265e-01
15	9.5822e-01
16	9.5850e-01
17	9.5256e-01
18	9.5402e-01
19	9.4679e-01
Escape_rate = 1.6719e-02
CPU time = 12214.4
Run 6: from min 3 to min 0
0	3.4905e+01
1	7.4480e-02
2	6.6979e-01
3	6.3311e-01
4	5.8187e-01
5	6.6516e-01
6	6.4880e-01
7	4.6125e-01
8	4.2604e-01
9	5.4057e-01
10	7.1028e-01
11	9.7257e-01
12	9.6993e-01
13	9.6796e-01
14	9.6423e-01
15	9.5988e-01
16	9.5923e-01
17	9.5393e-01
18	9.5420e-01
19	9.4295e-01
Escape_rate = 1.4533e-02
CPU time = 12378.2
Run 7: from min 3 to min 0
0	2.6690e+01
1	7.3594e-02
2	6.6370e-01
3	6.3569e-01
4	5.8617e-01
5	6.8115e-01
6	6.5664e-01
7	4.7297e-01
8	4.6427e-01
9	5.8394e-01
10	7.1043e-01
11	9.8126e-01
12	9.7362e-01
13	9.6731e-01
14	9.6572e-01
15	9.6025e-01
16	9.5685e-01
17	9.5630e-01
18	9.5365e-01
19	9.4652e-01
Escape_rate = 1.4010e-02
CPU time = 12172.3
Run 8: from min 3 to min 0
0	2.2717e+01
1	7.5791e-02
2	6.7177e-01
3	6.3747e-01
4	5.9662e-01
5	6.8644e-01
6	6.4998e-01
7	4.6045e-01
8	4.3378e-01
9	5.7169e-01
10	7.2067e-01
11	9.7742e-01
12	9.7059e-01
13	9.6432e-01
14	9.6600e-01
15	9.6145e-01
16	9.5685e-01
17	9.5302e-01
18	9.5093e-01
19	9.4171e-01
Escape_rate = 1.1206e-02
CPU time = 12255.9
Run 9: from min 3 to min 0
0	3.7396e+01
1	7.2572e-02
2	6.6392e-01
3	6.3812e-01
4	5.9400e-01
5	6.6876e-01
6	6.3259e-01
7	4.4136e-01
8	4.3020e-01
9	5.5627e-01
10	6.9935e-01
11	9.7399e-01
12	9.7040e-01
13	9.6581e-01
14	9.6358e-01
15	9.5795e-01
16	9.5639e-01
17	9.5685e-01
18	9.5374e-01
19	9.3976e-01
Escape_rate = 1.4750e-02
CPU time = 12509.5
Escape rate vector:
1.6898e-02
1.5743e-02
1.7145e-02
1.2307e-02
1.4185e-02
1.6719e-02
1.4533e-02
1.4010e-02
1.1206e-02
1.4750e-02
Mean escape rate = 1.4750e-02
Standard deviation = 1.9623e-03
