7.52456248e-01	4.88546550e-01	
2.89502710e-01	8.99767637e-01	
-3.34993929e-01	6.00899160e-01	
4.29751068e-01	2.86050677e-01	
-4.42318708e-01	-4.47453231e-01	
5.30340850e-01	-3.62400502e-01	
-6.37828469e-01	-1.16395608e-01	
-4.09115762e-01	-9.55968499e-01	
-1.29940644e-01	-3.83997411e-01	
-3.71871501e-01	-7.93159485e-01	
-2.26647571e-01	-4.92482573e-01	
2.77231991e-01	-4.46833074e-02	
3.34632844e-01	1.05836488e-01	
-1.47643775e-01	3.92020047e-01	
5.19883633e-01	-4.26083207e-01	
-5.46121478e-01	4.42654192e-01	
-2.31497943e-01	-6.84818983e-01	
1.25317499e-01	7.83504620e-02	
5.40818214e-01	-2.00435385e-01	
-4.75946486e-01	5.65581024e-01	
-6.80726230e-01	5.93048275e-01	
-2.95055836e-01	5.50549865e-01	
-3.34419340e-01	-2.47593477e-01	
-3.93069714e-01	-5.72532237e-01	
-3.86790633e-01	3.88543010e-01	
-5.04207432e-01	-3.03880632e-01	
7.44316220e-01	-7.49504626e-01	
5.81449687e-01	-7.09411979e-01	
-4.78872240e-01	8.96831006e-02	
-3.20793718e-01	-4.34366494e-01	
-3.89195569e-02	2.46548936e-01	
2.66298681e-01	1.85743913e-01	
6.13443196e-01	-5.22143126e-01	
9.39687565e-02	6.52938962e-01	
6.11663103e-01	6.03606701e-01	
-4.09648776e-01	-2.14863736e-02	
-6.30964696e-01	-5.81360757e-01	
-2.36762524e-01	-1.50902241e-01	
1.53372616e-01	-3.77158195e-01	
-3.62267643e-01	-7.29488209e-02	
-1.57123193e-01	-6.43116906e-02	5.12316860e-02	-1.32848561e-01	1.66516215e-01	-1.28866816e-02	5.37470698e-01	1.31015524e-01	-1.28567815e+00	3.04831535e-01	1.06413849e-01	-4.24563065e-02	-3.51374149e-02	-1.51928470e-01	-5.26195243e-02	6.21638447e-02	-2.65358761e-02	-1.43861786e-01	-4.98102047e-02	-5.37634939e-02	-1.22221917e-01	-6.90577701e-02	4.14362222e-01	1.69958457e-01	-4.81929481e-02	2.07257912e-01	1.73779055e-01	-9.86975804e-02	-3.36692929e-02	2.32141271e-01	2.58293331e-01	-2.53097326e-01	-7.33367205e-02	-1.24343537e-01	1.23119615e-02	-1.36528805e-01	2.97097683e-01	7.18940571e-02	-5.26962340e-01	5.45120776e-01	
1.93796065e-02	2.29647905e-02	1.10407233e-01	-1.76088903e-02	2.23592281e-01	-5.90520725e-02	-2.44531892e-02	1.44604430e-01	4.52365866e-03	6.81410357e-02	1.04103319e-01	-1.08823501e-01	-1.03406787e-01	-9.11303610e-02	1.22195585e-02	-8.18469524e-02	8.61891359e-02	4.14895639e-02	-1.55232668e-01	6.78757206e-02	1.47917315e-01	1.12322383e-01	5.34888804e-02	1.33122519e-01	-2.67073978e-02	1.04551531e-01	-3.36320400e-02	5.43774553e-02	-2.68612392e-02	5.03681153e-02	2.34424680e-01	-1.98688522e-01	-2.16042828e-02	1.09788164e-01	-1.57220572e-01	2.56807134e-02	8.44969004e-02	1.36776015e-01	-3.55048120e-01	2.35570654e-01	
-7.15282261e-02	-7.34345764e-02	-1.03979163e-01	3.94765623e-02	-7.55752027e-02	-1.57351375e-01	-2.06661429e-02	-2.81138830e-02	1.03357099e-02	3.33900712e-02	-5.02626039e-02	-1.80819184e-02	-1.36675835e-01	-2.52019186e-02	7.21596926e-02	1.27996951e-01	-1.17160752e-01	1.30310073e-01	-1.35337740e-01	8.15478638e-02	1.39814049e-01	1.32292122e-01	3.32652368e-02	-4.17803004e-02	-5.57122566e-02	7.84154683e-02	-1.43818587e-01	-7.95141328e-03	-8.99561346e-02	-7.27187097e-02	-1.53832451e-01	8.93014818e-02	-1.34109914e-01	1.18849672e-01	-4.52911407e-02	1.86305270e-02	1.10940605e-01	-1.99395269e-02	1.04997307e-02	-8.95800628e-03	
-6.39693886e-02	-9.70235914e-02	-1.10375769e-02	2.28365324e-02	-3.27659734e-02	-7.55027235e-02	8.02441612e-02	1.60870045e-01	-2.36572027e-01	8.68145376e-02	1.44746587e-01	-8.08441937e-02	3.29099968e-03	-9.75907373e-04	1.24589950e-01	-2.57517528e-02	2.12731302e-01	4.59003299e-02	-5.95520586e-02	1.38774097e-01	-3.01165693e-02	-1.21222600e-01	2.23304555e-01	2.00606197e-01	1.39804855e-01	1.38454542e-01	-5.61872721e-02	-5.41755296e-02	1.31314471e-01	1.06501237e-01	1.63210198e-01	1.80087890e-02	-2.16447935e-02	1.51535183e-01	-1.36518255e-01	-1.15740858e-01	1.94559485e-01	6.94774184e-03	-5.45868218e-01	1.86995372e-01	
1.02323122e-01	-1.42255187e-01	-8.27111676e-02	-3.78781594e-02	-5.00791632e-02	5.40033802e-02	4.05672453e-02	1.00797504e-01	-8.10420588e-02	-5.77692576e-02	1.14928357e-01	1.51033863e-01	2.73935068e-02	6.92809224e-02	-1.46027178e-01	-9.35084224e-02	1.47274762e-01	-1.12053789e-01	-5.75234443e-02	5.20693399e-02	-1.37799799e-01	-3.34919654e-02	9.26656201e-02	-1.37134373e-01	5.40554412e-02	-4.00642566e-02	2.67088675e-04	-1.64993659e-01	1.57821923e-01	1.32377103e-01	-5.31487353e-02	6.81064054e-02	-1.64891660e-01	-3.72215845e-02	-1.17597759e-01	5.59771881e-02	-4.37316373e-02	-9.80758071e-02	1.20151564e-01	-9.93565321e-02	
1.37596473e-01	1.43959805e-01	9.44591686e-02	-9.39385667e-02	7.02406792e-03	2.49308515e-02	-4.48315181e-02	-1.41961565e-02	1.66615844e-01	-1.26720741e-01	5.93592152e-02	1.35064438e-01	6.72246218e-01	-3.43297888e-03	1.59576178e-01	3.15036811e-02	1.26465976e-01	-1.13682024e-01	2.98959669e-02	4.51829508e-02	-1.99890062e-02	-7.66484067e-02	9.90987793e-02	1.03876874e-01	-1.20290741e-01	5.47745675e-02	6.03473894e-02	1.67401195e-01	1.07875258e-01	1.19635999e-01	7.54804909e-02	1.39615010e-03	8.53284001e-02	9.32786539e-02	-5.17606959e-02	-1.66951731e-01	6.01692833e-02	1.29773796e-01	3.75574797e-01	5.30634336e-02	
-1.32609129e-01	-5.65808378e-02	9.67043787e-02	-5.60276909e-03	5.17137535e-02	1.21349478e-02	7.85436749e-01	1.28581509e-01	-6.69306397e-01	4.36116643e-02	1.60230771e-01	-9.29533318e-02	-1.42642677e-01	3.07614002e-02	-7.01175034e-02	-3.55374403e-02	6.47880882e-02	-2.31886748e-02	-5.28236553e-02	6.00805022e-02	-1.44319564e-01	6.38560206e-02	2.93129057e-01	1.53261006e-01	1.50589541e-01	1.42996326e-01	-3.49775404e-02	-4.73513864e-02	-2.27793586e-02	1.24779887e-01	-1.42091826e-01	5.91286197e-02	2.40173507e-02	-5.78019097e-02	-1.26954645e-01	-3.72929946e-02	6.71525061e-01	8.70415494e-02	-3.66544306e-01	3.23513359e-01	
1.72804162e-01	-6.80641178e-03	1.56391710e-02	4.48457226e-02	1.14281587e-01	9.71558243e-02	1.82168201e-01	1.61655962e-01	-7.07665384e-02	4.98688370e-02	4.77775522e-02	1.43072739e-01	-3.52658212e-01	-3.00541427e-02	1.99275166e-01	6.44986853e-02	1.27068013e-01	1.28826171e-01	1.57085545e-02	-3.08009447e-03	-1.06110508e-02	1.40113726e-01	2.74107456e-02	-1.31038770e-01	8.01207200e-02	-2.40453891e-02	-7.51682073e-02	1.18641257e-01	-7.29837567e-02	8.05624127e-02	-6.10496104e-03	-2.08260641e-02	1.09356403e-01	9.26506370e-02	1.31405992e-02	-1.18037291e-01	-1.08748982e-02	-7.68311024e-02	-1.77706942e-01	8.01733136e-02	
2.00418718e-02	1.49081007e-01	8.71907920e-02	-1.58103615e-01	9.21555609e-02	6.51218817e-02	-8.54269192e-02	9.42020416e-02	-8.46041590e-02	-1.53191164e-01	-1.43174574e-01	1.32288352e-01	8.22775140e-02	1.54560313e-01	1.28903389e-01	6.77724853e-02	1.24655910e-01	-4.14807573e-02	-1.06841534e-01	-6.41220883e-02	2.71151680e-02	-5.74352294e-02	7.05944449e-02	1.15026943e-01	-3.37026007e-02	-4.24663052e-02	-1.36624590e-01	-1.81098585e-03	2.41882950e-02	-1.49311423e-01	-7.05855861e-02	-1.09775841e-01	-5.53903654e-02	1.18601263e-01	-3.22418101e-02	-5.33940606e-02	-1.27702534e-01	-1.01772852e-01	-1.41441584e-01	1.26960769e-01	
1.89949661e-01	5.07101044e-02	-1.27527356e-01	-7.71819651e-02	-4.98953089e-02	1.96602810e-02	-4.45855036e-02	-1.54290572e-01	5.62790781e-02	-1.46550611e-02	-1.84127077e-01	-1.10446159e-02	3.08467537e-01	7.70998094e-03	-6.20848723e-02	-9.23934877e-02	4.89816107e-02	1.18935257e-01	1.96302831e-01	1.02119498e-01	9.34733674e-02	8.06197748e-02	2.55618542e-02	2.43132323e-01	-1.37986109e-01	-1.19248793e-01	1.83535919e-01	6.47486895e-02	-5.17272390e-02	-1.13386936e-01	9.80957299e-02	-2.39865053e-02	1.60474196e-01	-1.19131625e-01	1.86743721e-01	-1.05874099e-01	-1.09937616e-01	-2.56405454e-02	3.28327775e-01	6.13917299e-02	
-2.39463672e-02	2.67484765e-02	1.01078846e-01	-1.10077240e-01	4.02961187e-02	2.26171434e-01	2.14412510e-01	-4.13425565e-02	-4.26585553e-03	-9.70174670e-02	1.91964716e-01	1.61606014e-01	-6.19016290e-01	6.46454394e-02	3.71992737e-02	-8.73225406e-02	1.86297782e-02	-9.96970534e-02	3.09894402e-02	6.41003698e-02	3.42799723e-02	-8.70403796e-02	2.03221917e-01	-3.23349163e-02	1.28439993e-01	1.82208136e-01	9.31815654e-02	1.12483628e-01	-2.97354888e-02	-4.78806570e-02	-1.90554820e-02	-3.61697264e-02	7.93152750e-02	2.11125351e-02	6.49963543e-02	1.84812114e-01	4.86853234e-02	-7.12651163e-02	-2.32239366e-01	1.70859799e-01	
-5.39329052e-02	-1.07525200e-01	-3.08786575e-02	-9.43682194e-02	1.46731645e-01	-7.15603083e-02	-7.42024705e-02	-8.76802132e-02	2.41649598e-02	1.54494852e-01	2.83019920e-03	-3.74582671e-02	-7.92462938e-03	3.87342460e-02	-1.57303408e-01	3.57438885e-02	4.88378331e-02	1.39028542e-02	-1.57675873e-02	-9.00262892e-02	1.09043866e-01	5.13885282e-02	-5.30644357e-02	3.57623622e-02	1.37982234e-01	1.42562613e-01	9.48173460e-03	9.01043937e-02	-1.54030308e-01	-6.78887814e-02	7.08594993e-02	7.94523656e-02	-1.53145000e-01	-2.65263375e-02	1.39500543e-01	1.36683896e-01	2.43617967e-02	4.93459739e-02	-9.09640267e-02	-6.47888929e-02	
6.88058659e-02	1.05947278e-01	-4.37954068e-02	-1.35669708e-01	-3.79023552e-02	5.92023991e-02	1.93766177e-01	7.59088155e-03	3.76906921e-03	1.75676763e-01	5.09534515e-02	-6.86552897e-02	-5.67415059e-01	1.96061898e-02	-3.50724347e-02	8.60268101e-02	-7.49955745e-03	-1.71010986e-01	-1.04765082e-02	1.54765502e-01	2.07271744e-02	7.05334172e-02	7.94826224e-02	-1.20444275e-01	1.66625585e-02	1.12377837e-01	1.18293077e-01	-3.81029360e-02	4.81362306e-02	5.80832139e-02	-8.87514502e-02	6.03302792e-02	-4.45946716e-02	-1.26506165e-01	6.65732622e-02	1.04727216e-01	1.48309469e-01	1.30813584e-01	-1.11706711e-01	2.67237395e-01	
-3.53197493e-02	-8.99824649e-02	-1.54498711e-01	9.84516144e-02	8.82216245e-02	-3.06027383e-02	1.67188495e-01	-3.41047794e-02	-8.78249630e-02	2.01812714e-01	2.17598617e-01	-1.34211063e-01	-6.14382148e-01	7.60973990e-02	2.10607201e-02	9.49999914e-02	1.87842678e-02	-1.48128048e-01	-6.78726360e-02	-1.05889417e-01	2.60225311e-02	-1.18742079e-01	8.51527601e-02	-1.79607958e-01	-2.53782086e-02	1.52885884e-01	7.30113089e-02	1.43186629e-01	-1.47903293e-01	1.78940713e-01	2.39739865e-02	-1.08357094e-01	1.69806048e-01	8.54051486e-02	1.16321146e-01	1.24175869e-01	6.83877943e-03	9.66360494e-02	-2.33921468e-01	2.53075045e-02	
1.02351420e-01	8.26395079e-02	8.45159590e-02	1.65446132e-01	-1.40973657e-01	-3.11480202e-02	-9.32452008e-02	-9.40243825e-02	9.67664719e-02	-1.70660183e-01	-1.91007450e-01	1.25534177e-01	5.89182496e-01	-8.20857882e-02	1.16220795e-01	-2.50816252e-02	-1.46765206e-02	-1.21236652e-01	8.52545127e-02	-1.11575618e-01	-1.29554793e-01	7.23026991e-02	-1.09303705e-02	1.38077065e-01	-1.44516557e-01	1.46363874e-03	7.55898505e-02	1.75632522e-01	-1.27507761e-01	2.84876283e-02	-6.71338439e-02	7.67903998e-02	1.43109411e-01	3.94245749e-03	1.50935963e-01	1.11309737e-01	-1.17885306e-01	-3.00607029e-02	3.93649489e-01	-9.53557789e-02	
4.80947755e-02	9.37944055e-02	3.96263152e-02	1.69070482e-01	1.51137173e-01	1.25933573e-01	9.49727818e-02	1.76923685e-02	2.83067793e-01	8.25111493e-02	1.51500553e-02	-3.44039761e-02	2.28778824e-01	-9.71249118e-02	3.16191688e-02	1.38640776e-01	4.51664254e-02	-1.12448275e-01	2.13407613e-02	-4.48997505e-02	1.38749734e-01	-1.38624653e-01	-7.14751035e-02	-5.83368801e-02	2.98419837e-02	-7.34272785e-03	2.00873166e-01	-8.67460221e-02	1.13956653e-01	6.84805363e-02	1.56666607e-01	-8.72367024e-02	9.89797339e-02	-1.50713935e-01	2.25805789e-01	-1.54544450e-02	-9.30720288e-03	1.41003504e-01	2.17760369e-01	1.78402752e-01	
-1.55385867e-01	3.30426847e-04	-1.02516152e-01	-1.49219260e-01	7.36004114e-02	-1.05279237e-01	7.49394223e-02	1.40470281e-01	-9.33010951e-02	-6.83065355e-02	6.51985705e-02	-1.70838550e-01	4.61090729e-02	8.43742788e-02	2.43547261e-02	1.20996006e-01	6.50312155e-02	-8.17194954e-02	1.19511262e-01	-3.12884860e-02	-5.01871891e-02	1.56077310e-01	3.21857817e-02	1.94352001e-01	-1.55361906e-01	5.60755245e-02	-9.41196457e-02	1.10828407e-01	-3.91725525e-02	1.92767695e-01	2.72421002e-01	-2.13495746e-01	-9.00261942e-03	3.36110895e-03	1.34347491e-02	-2.80611496e-02	-8.91813710e-02	1.17882624e-01	-2.53341585e-01	1.34311065e-01	
-1.29920661e-01	9.82485190e-02	1.31260365e-01	-4.62110015e-03	1.17032841e-01	-1.13389067e-01	1.82319470e-02	1.46082371e-01	8.09624866e-02	1.18131325e-01	1.91633150e-01	-8.99362788e-02	-6.85119271e-01	-5.09194583e-02	5.56663796e-02	-5.51105700e-02	2.29895003e-02	5.32411151e-02	1.21307060e-01	-9.79281068e-02	1.53692648e-01	-8.19389150e-02	2.35827506e-01	-4.66787964e-02	-3.92427817e-02	9.32302102e-02	1.26402572e-01	-4.74442281e-02	-1.02184713e-02	2.21955776e-01	2.29669418e-02	-1.31962672e-01	9.89986062e-02	1.21237889e-01	-1.07168533e-01	4.73296829e-02	-4.85707037e-02	1.22770585e-01	-1.84607431e-01	1.56894878e-01	
1.04403690e-01	-7.43404850e-02	-7.77916685e-02	-1.43468037e-01	-2.46574003e-02	1.40806109e-01	-7.31473789e-02	1.28571540e-01	-5.74854240e-02	-6.06764778e-02	-8.37988630e-02	1.23129897e-02	1.56560108e-01	-1.12321422e-01	1.37235969e-01	-1.14158392e-01	1.34512678e-01	-1.16467446e-01	1.50246685e-02	1.14322059e-01	9.27948132e-02	1.50693566e-01	-3.93343121e-02	-7.58842453e-02	-1.40227273e-01	1.75237544e-02	-8.41877460e-02	-1.11768313e-01	1.02080204e-01	-4.69606593e-02	2.99434457e-02	9.12497118e-02	-9.09947678e-02	8.87045264e-02	-2.49476871e-03	-3.23340371e-02	-1.14130706e-01	-1.16435349e-01	1.04680374e-01	-1.51082247e-01	
5.31070009e-02	-4.64871936e-02	1.03017278e-01	-4.72417213e-02	-1.74340978e-01	9.41206217e-02	-2.10546792e-01	1.51842758e-01	3.05337250e-01	-1.15232550e-01	-1.26540840e-01	-1.01822853e-01	3.54180068e-01	1.44857317e-01	2.82973200e-02	-1.48912415e-01	1.90059081e-01	-1.55839384e-01	9.36462507e-02	-1.13615267e-01	-6.24313243e-02	-1.29318357e-01	-1.56254128e-01	1.26085863e-01	-2.72468068e-02	-2.07354799e-01	1.06886826e-01	1.33533925e-01	8.97692814e-02	-5.99949881e-02	-1.81986496e-01	1.19989499e-01	-4.31588031e-02	-6.25076964e-02	7.94304684e-02	-1.04304388e-01	-4.92316224e-02	1.18540756e-01	2.41693124e-01	-1.84891060e-01	
1.60532311e-01	-9.30263475e-02	3.10312565e-02	1.26866624e-01	-1.21360324e-01	9.82626528e-02	-6.03491738e-02	-7.02433810e-02	1.77320614e-01	-6.81251707e-03	-1.06845364e-01	1.54269021e-02	5.41717887e-01	6.15417995e-02	-4.79603484e-02	8.59381631e-02	3.46224457e-02	-1.20180666e-01	4.07233536e-02	6.19085580e-02	-1.20723285e-01	1.07931368e-01	-2.18635216e-01	3.16758811e-01	-8.50569550e-03	-9.17430744e-02	1.58323258e-01	-1.09403571e-02	-4.50766459e-02	1.25579134e-01	3.03262826e-02	8.53335857e-03	-2.78595020e-03	-2.21921299e-02	1.89341173e-01	-3.69368196e-02	5.66822849e-02	-7.79194608e-02	2.48548791e-01	-2.71883667e-01	
-1.35968670e-01	-1.14308009e-02	1.26260772e-01	-2.36985713e-01	4.02629115e-02	5.30523397e-02	2.00037882e-02	6.05693497e-02	8.94286931e-02	2.94097155e-01	1.99616611e-01	-8.10185373e-02	-6.76418602e-01	-7.71676451e-02	-5.17299548e-02	-8.30402598e-02	2.02329412e-01	-1.20943964e-01	-5.25908247e-02	7.87243713e-03	1.01800866e-01	9.80169997e-02	-3.53023894e-02	7.51868933e-02	-1.64734311e-02	1.45917371e-01	9.19485539e-02	1.57563433e-01	-6.29963353e-02	1.14765666e-01	-2.45008856e-01	-1.35955572e-01	6.39856458e-02	1.32391244e-01	-1.95788577e-01	-1.12101458e-01	1.64993450e-01	6.14296121e-04	2.94262677e-01	3.61167975e-02	
1.38623670e-01	1.83527112e-01	4.41953950e-02	-4.27955948e-02	-7.08722249e-02	-1.97373684e-02	-2.63959080e-01	-6.49651140e-02	2.01161966e-01	-1.00111686e-01	1.61631539e-01	-1.14460759e-01	4.76586461e-01	1.11109979e-01	1.27503231e-01	2.68114787e-02	-7.95265601e-04	-1.02298670e-01	4.15961780e-02	-6.77949861e-02	-1.03485836e-02	1.55579507e-01	-2.26721421e-01	1.89243793e-01	7.13846385e-02	-1.21720493e-01	1.03782132e-01	4.10145223e-02	1.35341331e-01	-1.13157824e-01	-4.87267375e-02	-6.12622611e-02	-8.54123309e-02	-4.11584647e-03	1.75997496e-01	1.30762100e-01	-6.64472505e-02	-1.14164157e-02	2.31060043e-01	-3.41640413e-01	
-3.32470648e-02	5.88735119e-02	3.16244625e-02	-1.17729157e-01	-1.51965052e-01	5.33816963e-02	-8.29370692e-02	-6.81145489e-02	1.38013855e-01	-9.91184786e-02	6.10147193e-02	1.52843535e-01	-1.12685315e-01	-1.38264373e-01	-9.76962149e-02	-8.12139809e-02	-1.11239322e-01	6.70754984e-02	-6.68079033e-02	-1.54217809e-01	5.12231290e-02	1.05671525e-01	-3.29092219e-02	-2.99356226e-02	1.48828894e-01	-3.12067196e-02	8.01878422e-02	-4.16162983e-03	-1.29632771e-01	-2.65513677e-02	1.02438040e-01	1.21438041e-01	-6.35993034e-02	-8.07685107e-02	-5.75736351e-02	-1.31249517e-01	1.23825222e-01	-1.35194644e-01	-2.42975987e-02	1.44873187e-01	
5.86064830e-02	1.26043335e-01	-4.07283567e-02	1.16368696e-01	-1.20629884e-01	3.98658440e-02	1.52871469e-02	9.47425291e-02	3.89823198e-01	1.60489213e-02	9.69927460e-02	4.02190238e-02	3.03113431e-01	1.22006834e-01	-8.50936919e-02	1.24646060e-01	-1.23799801e-01	-6.02381602e-02	9.16181654e-02	-7.67331496e-02	4.51677777e-02	-4.27728295e-02	3.17655131e-02	2.07854107e-01	-4.62071486e-02	-1.90082053e-03	1.04472511e-01	6.81085810e-02	1.32293522e-01	-1.41102552e-01	-5.44809587e-02	-2.93194279e-02	-7.53725618e-02	-7.91404769e-02	1.22131817e-01	-7.68950209e-02	-1.26128986e-01	9.50471535e-02	2.92254031e-01	-1.86767280e-01	
1.81674715e-02	8.36272091e-02	-9.58765447e-02	1.30001396e-01	-1.36538342e-01	1.37439311e-01	-6.92147482e-03	-4.78123868e-04	-2.68389750e-03	9.35850143e-02	-1.58737302e-02	-1.79861858e-02	-1.25584900e-01	8.20434168e-02	-1.21114001e-01	-7.20143169e-02	7.29255751e-02	4.90397774e-02	-1.01091959e-01	-9.58871394e-02	6.96475506e-02	1.53523743e-01	-2.45657898e-02	1.16001695e-01	-1.05474465e-01	1.37581408e-01	-8.70044008e-02	6.38079196e-02	7.10557848e-02	-1.07894331e-01	7.39018768e-02	1.28578231e-01	1.10714175e-02	1.36845842e-01	3.51387337e-02	-4.03324477e-02	-1.62208732e-02	-7.77830929e-02	1.02380037e-01	-1.05613552e-01	
7.07942024e-02	3.78251933e-02	1.36512086e-01	-3.24898958e-02	1.57253221e-01	-1.29223093e-02	-9.92716551e-02	-1.50249794e-01	-1.49573222e-01	-1.01938553e-01	8.65800977e-02	-1.25762388e-01	-1.03193380e-01	2.07272694e-02	5.05513065e-02	-1.34914309e-01	-1.04985945e-01	1.25983939e-01	-6.44289628e-02	1.40249535e-01	1.01768635e-01	5.64516671e-02	-9.37386602e-02	8.54185671e-02	1.31277204e-01	1.39451310e-01	-6.87179491e-02	-1.57827094e-01	5.19623160e-02	1.32591538e-02	3.65906842e-02	-1.12854123e-01	4.09079455e-02	1.00800306e-01	5.67201674e-02	1.48853362e-01	-1.53950557e-01	9.24756080e-02	1.42960697e-01	2.90344693e-02	
-6.98547140e-02	-5.26554398e-02	1.29210338e-01	6.47806227e-02	-4.75527719e-02	-2.89200209e-02	-1.04724385e-01	4.00043614e-02	-8.72932896e-02	6.70708269e-02	-4.51995358e-02	6.10088743e-02	-1.43782049e-01	1.36621580e-01	1.13249645e-01	-1.49813732e-02	5.82491681e-02	-1.50555387e-01	-7.56435096e-02	-7.65524805e-02	-1.45316690e-01	8.82012863e-03	1.45258695e-01	-7.89020061e-02	1.54936641e-01	1.32988736e-01	-9.33407247e-02	7.65513163e-03	-9.00547132e-02	-7.15711489e-02	4.72399034e-02	1.71150770e-02	-1.32345185e-02	1.43329471e-01	1.27292469e-01	3.98679338e-02	-4.21790034e-02	7.37727061e-02	1.44370928e-01	-7.84260780e-02	
-2.73091830e-02	-1.77704375e-02	-4.24113328e-04	7.42817968e-02	1.70790121e-01	-6.11382462e-02	3.37788574e-02	7.40367845e-02	-2.07064003e-02	4.88916412e-02	1.30284727e-01	-1.42682642e-01	-6.30715907e-01	-9.19961929e-02	1.82737052e-01	6.54940978e-02	1.22101210e-01	1.64958257e-02	1.50882797e-02	-8.85319263e-02	1.26856744e-01	-1.06766254e-01	2.59881645e-01	-1.54199585e-01	-1.31839290e-01	1.65440992e-01	6.48565888e-02	-1.63599607e-02	-9.59289074e-02	-5.65015972e-02	9.00615305e-02	9.36500207e-02	-1.10342488e-01	7.89013654e-02	-5.07702194e-02	-4.42191772e-02	-3.49468887e-02	6.53252304e-02	-2.14334518e-01	1.81809947e-01	
-9.82118770e-02	1.23252407e-01	1.26985982e-01	1.68188930e-01	2.83106044e-02	2.87551396e-02	-6.25675395e-02	5.53814247e-02	3.92241120e-01	1.01595528e-01	-4.00650576e-02	-2.47645210e-02	7.06948519e-01	7.86626860e-02	-2.82798074e-02	9.17244703e-03	1.45865425e-01	-3.49609293e-02	-2.76080351e-02	-1.38661385e-01	1.32699803e-01	5.70569001e-02	-2.28241459e-01	2.79413611e-01	-2.24006139e-02	-1.39015898e-01	1.52345166e-01	1.67503253e-01	1.45826906e-01	-1.37968874e-02	4.09430638e-02	1.52053401e-01	-8.10776278e-02	-6.07785815e-03	6.00699894e-02	3.63889858e-02	-7.53423423e-02	9.89653841e-02	1.70064270e-01	-5.15588969e-02	
1.59664929e-01	-7.50086963e-01	1.95069332e-02	-6.17948659e-02	2.11902503e-02	3.66467535e-01	-5.89107387e-02	-1.30206096e+00	1.87320292e-01	-1.07901287e+00	-3.83872896e-01	2.19552189e-01	1.07837391e+00	-1.15122370e-01	-1.65718585e-01	8.25949088e-02	-7.16619715e-02	5.55518530e-02	9.69738662e-02	5.97144440e-02	-1.28293723e-01	5.90005703e-02	9.89770442e-02	4.89935353e-02	9.68943760e-02	4.39710878e-02	6.67643845e-02	-8.06387067e-02	1.12254601e-02	-6.71339631e-01	-4.69467193e-01	-2.53284741e-02	1.51577964e-01	5.05978093e-02	1.20521776e-01	8.00479874e-02	-2.52801869e-02	9.20623764e-02	3.76778662e-01	-1.91692859e-01	
-7.30664507e-02	-4.32481989e-02	9.89734009e-02	-1.29319698e-01	1.09964170e-01	4.54562195e-02	9.42716077e-02	4.85589169e-02	-2.92036645e-02	1.48042038e-01	-1.64872389e-02	-2.31707782e-01	-1.72328725e-01	-4.98561701e-03	-4.35446240e-02	-1.39265031e-01	2.04192623e-01	2.66519450e-02	-4.50840220e-02	-1.51576906e-01	1.28434241e-01	-1.24717951e-01	1.59257695e-01	-4.34320867e-02	-8.16084072e-03	2.05102220e-01	1.01855965e-02	-1.01729967e-02	1.42386332e-01	1.90509468e-01	2.32547745e-01	9.05256197e-02	1.63865723e-02	-9.98113304e-02	-1.45895600e-01	1.07535822e-02	-5.19368798e-02	-4.70207110e-02	-3.85273248e-01	2.36958280e-01	
7.24904910e-02	1.21743485e-01	1.36995390e-01	-3.53210941e-02	1.58562511e-02	8.64894316e-02	-5.48310056e-02	-6.46128133e-02	-1.45548210e-01	-1.21027179e-01	-1.54317841e-01	-1.13601096e-01	1.02322258e-01	1.42702967e-01	-8.61713588e-02	-2.43923124e-02	1.45233944e-01	-3.34934751e-03	2.00417060e-02	7.23412856e-02	5.31080887e-02	-1.18143916e-01	-3.17696705e-02	7.52367750e-02	-4.65733223e-02	-1.87738147e-03	-1.36659279e-01	6.57585412e-02	7.97825400e-03	-8.39880630e-02	-4.13223915e-02	-1.25701830e-01	1.11988388e-01	1.00017272e-01	-1.15386516e-01	3.99544686e-02	-8.76327530e-02	6.21068068e-02	1.46486005e-02	-9.07225013e-02	
1.65188566e-01	-6.50592521e-02	1.51214078e-01	1.50585160e-01	-4.04577106e-02	1.53535500e-01	-3.94462198e-01	1.44782245e-01	4.86719608e-01	8.58923569e-02	1.29309045e-02	-1.18998148e-01	3.93100768e-01	-6.13711439e-02	1.20860981e-02	1.57747358e-01	1.33743241e-01	3.22852395e-02	-4.77518924e-02	-3.13020945e-02	3.00078504e-02	-1.57518163e-01	-6.93490431e-02	5.26888728e-01	6.53633475e-02	1.07251376e-01	-7.52569810e-02	1.16542436e-01	-1.35528833e-01	-8.78787264e-02	-6.98058829e-02	1.41880125e-01	5.12763858e-02	-1.15463413e-01	2.06940100e-02	6.96547553e-02	9.90467053e-03	-1.54313833e-01	3.95300150e-01	-5.94294488e-01	
1.87457621e-01	8.67820680e-02	1.35566369e-01	1.16660520e-01	-4.09312285e-02	1.52078509e-01	-3.01043600e-01	-2.22956762e-02	3.90733361e-01	-3.63798700e-02	8.54382440e-02	-3.82175855e-02	3.99745375e-01	1.07387617e-01	-8.20616186e-02	5.70392013e-02	7.03121796e-02	5.32941222e-02	5.19649237e-02	-1.15669586e-01	9.18550193e-02	7.85684958e-02	-2.49054030e-01	2.66836375e-01	-8.13244507e-02	4.16552052e-02	-6.02763891e-03	6.83037117e-02	3.98577191e-03	-2.89071184e-02	-1.93763494e-01	-9.29116383e-02	1.09401099e-01	-8.22415352e-02	7.22820088e-02	1.38270617e-01	-1.04846947e-01	-1.27879307e-01	2.84627974e-01	-2.86409408e-01	
1.78776365e-02	2.07452700e-02	-1.50783490e-02	-5.47445659e-03	-4.42326767e-03	3.45399491e-02	7.43765384e-02	-2.77792066e-02	-1.37839034e-01	7.48788193e-02	-6.20664731e-02	-1.06874391e-01	1.35187462e-01	3.10819037e-02	-6.27875626e-02	-1.49577186e-01	1.33713216e-01	7.39759132e-02	-2.44536828e-02	-1.15308457e-03	1.25326519e-03	-1.26316994e-01	-1.63033046e-02	-1.31683469e-01	1.17872991e-01	-4.52838466e-02	1.35215700e-01	-1.27943844e-01	-1.58072397e-01	-9.47960466e-02	1.30971953e-01	6.91246837e-02	-8.97462741e-02	1.42319024e-01	-1.13485932e-01	1.24687225e-01	-1.55181497e-01	8.15249458e-02	6.43030331e-02	-1.00561567e-01	
-9.19804052e-02	2.39661917e-01	-3.25666852e-02	7.72161931e-02	5.34237213e-02	4.35986221e-02	2.51129959e-02	-2.68213063e-01	-1.35443449e-01	-1.91275448e-01	5.96565008e-02	-1.83468014e-02	-1.64981246e+00	-1.45318687e-01	1.15979780e-02	2.99804634e-03	-1.27760097e-01	5.29179089e-02	-5.47066964e-02	5.06961048e-02	-8.45632926e-02	-1.93421952e-02	-1.13826372e-01	-1.48343027e-01	1.31063551e-01	1.93485618e-01	-3.81960385e-02	-4.43611713e-03	1.09758705e-01	7.31370896e-02	-7.09446967e-02	6.12819456e-02	1.42376214e-01	-9.05007049e-02	1.87120914e-01	9.47529152e-02	-2.24547181e-02	-3.35002206e-02	-1.77538764e+00	1.39735207e-01	
8.98643583e-02	-1.98719844e-01	5.13242893e-02	6.88635260e-02	2.55872142e-02	1.85791686e-01	1.00327861e-02	1.02707841e-01	-1.06091209e-01	-6.87991902e-02	1.75216362e-01	1.71596140e-01	-1.71599880e-01	2.13462766e-03	2.15584427e-01	1.31348282e-01	-3.16317305e-02	1.88236106e-02	2.30263948e-01	-1.06182441e-01	-1.53525800e-01	4.37080264e-02	9.37586091e-03	6.24772757e-02	-2.19807029e-02	-8.74969810e-02	9.97500122e-02	2.17564836e-01	-1.02365740e-01	7.00264098e-03	-1.20635837e-01	-9.80223529e-03	-1.61510501e-02	5.63418940e-02	-6.35009911e-03	-1.22701347e-01	-9.31969509e-02	3.16452719e-02	-1.56171754e-01	-5.07125780e-02	
-1.31364942e-01	-9.89261121e-02	-5.14889136e-02	5.00125512e-02	3.74567024e-02	-2.26284266e-01	-1.21885315e-02	1.16940230e-01	-2.15097591e-02	1.94820583e-01	1.30480587e-01	-1.04048448e-02	-1.83615237e-02	-7.09575266e-02	7.55581781e-02	5.35813607e-02	1.61213428e-02	-8.89888331e-02	-5.53214597e-03	6.75889757e-03	2.67252270e-02	-1.35949850e-01	5.47984764e-02	-4.78244387e-03	3.90802138e-02	1.94167957e-01	-1.15975395e-01	-6.42934069e-02	-1.89545546e-02	1.71655387e-01	3.44330817e-02	-3.35838832e-02	9.59090590e-02	-7.86998570e-02	-7.99689367e-02	4.89427485e-02	2.14272112e-01	-1.42655492e-01	-2.66605616e-01	1.30537719e-01	
1.35095835e-01	3.22027922e-01	-8.80179405e-02	1.38909161e-01	1.66503400e-01	1.51651334e-02	1.79597646e-01	2.04476327e-01	7.06673488e-02	8.28717873e-02	2.58873329e-02	7.77078345e-02	-3.16850424e-01	-1.31739780e-01	1.33161411e-01	-4.03126478e-02	1.44410506e-01	-4.60827649e-02	1.73173267e-02	4.83722724e-02	1.12977169e-01	-1.22444391e-01	4.76007126e-02	1.17190890e-01	1.34935215e-01	1.79927617e-01	-9.36658457e-02	1.24564119e-01	2.92771272e-02	-6.98283464e-02	3.79075646e-01	-1.50647953e-01	9.87089649e-02	1.10201910e-01	-1.42806955e-02	-6.03615157e-02	2.14376584e-01	-1.22448571e-01	3.07658345e-01	2.06770658e-01	
3.16386744e-02	1.42836019e-01	-7.24038621e-03	-6.58156723e-02	-7.31574073e-02	-8.61213356e-02	-2.41173673e-02	-1.09869726e-01	3.88436243e-02	-2.73025986e-02	-1.27857506e-01	1.44081712e-01	2.71425750e-02	-5.10558672e-02	-1.50358915e-01	1.40328452e-01	-1.13779120e-01	-1.09929383e-01	1.56445846e-01	1.29254863e-01	-1.19548559e-01	-1.01383366e-01	-4.08350192e-02	1.45896807e-01	-1.25574961e-01	-1.94512343e-03	-2.43948940e-02	8.81263018e-02	-7.22091720e-02	3.52920480e-02	-4.42801192e-02	-5.26217185e-02	1.48748592e-01	-1.20352134e-01	9.51225087e-02	1.30052716e-01	-1.03442654e-01	-1.22871483e-02	-9.12865624e-02	-3.25380750e-02	
5.94369844e-02	-6.62988871e-02	-4.06096838e-02	-1.31471604e-01	1.16169870e-01	8.34374949e-02	-1.14307173e-01	-4.88861278e-03	-1.00536570e-01	-9.74994227e-02	-5.59721095e-03	8.90612900e-02	-1.09140603e-02	-1.03663988e-01	-1.20570548e-01	-5.09105474e-02	3.45075838e-02	9.83264595e-02	-9.86749455e-02	-1.39558926e-01	-1.14649229e-01	5.55135794e-02	-1.46922290e-01	-7.18623549e-02	-1.40278190e-01	1.03634119e-01	-1.07566968e-01	-4.02466618e-02	4.35907301e-03	-1.09177522e-01	1.06909886e-01	7.99657032e-02	-6.40746281e-02	1.51351064e-01	6.26339689e-02	-1.08445182e-01	-7.84343332e-02	-1.10234953e-01	-1.56620890e-01	9.25084427e-02	
3.50329608e-01	4.09600697e-02	-1.10766878e-02	2.60417424e-02	7.98811018e-03	1.18235797e-02	2.68699378e-01	2.20385715e-01	-9.29666013e-02	-4.98454049e-02	-4.25920170e-03	2.54748091e-02	1.16666086e-01	1.73804581e-01	1.22132674e-01	-1.38231227e-02	-4.54838052e-02	1.62070915e-01	-2.43055709e-02	-1.37337819e-01	1.56199129e-03	2.06056505e-01	-1.01812445e-01	-1.25014246e-01	-1.42126426e-01	6.09023906e-02	-7.22513720e-03	7.42819980e-02	8.30812082e-02	-8.89577419e-02	-6.14904821e-01	-2.12095249e-02	-1.17763683e-01	-1.67498887e-01	-1.97461471e-02	9.93380025e-02	1.98788881e-01	8.38273838e-02	2.08633542e-01	3.88322212e-02	
3.47447187e-01	9.58934128e-02	-5.15293656e-03	-6.69477135e-02	-5.19424863e-02	-6.76105097e-02	3.99307162e-01	1.82024777e-01	-7.09462091e-02	-1.08070686e-01	1.85796976e-01	9.50374827e-02	6.63211122e-02	2.04052597e-01	-1.00516923e-01	1.12060219e-01	9.10107270e-02	1.12073712e-01	-1.15146324e-01	-1.75899684e-01	1.04910821e-01	1.83029428e-01	-1.34139717e-01	-4.16358449e-02	-1.34034932e-01	-5.67031093e-02	-4.21768539e-02	-9.37338173e-02	-2.07536761e-02	1.03210598e-01	-7.72977293e-01	1.06702499e-01	4.17816937e-02	-1.20393068e-01	6.66851848e-02	-3.86957936e-02	8.53340980e-03	7.83645436e-02	-5.24626598e-02	1.23236127e-01	
4.40281332e-02	1.24051452e-01	2.77443733e-02	-1.63430139e-01	-6.37353361e-02	1.33902892e-01	5.67806698e-02	-1.56962022e-01	5.55565720e-03	-2.95502972e-02	2.33749561e-02	4.18200120e-02	-1.67287737e-01	8.95007551e-02	-1.37300611e-01	1.19369857e-01	-3.74582335e-02	-1.37849540e-01	-8.12469497e-02	-1.58412293e-01	-3.43838446e-02	-5.21044806e-02	1.38234049e-01	-7.79035175e-03	-6.69948495e-05	-8.52524415e-02	1.47292197e-01	-1.31723836e-01	8.30902010e-02	1.60109363e-02	3.91074680e-02	2.86690034e-02	8.00682828e-02	-1.40712678e-01	9.80139077e-02	-1.34096071e-01	1.32641435e-01	-7.95823112e-02	1.04140818e-01	-9.23275203e-02	
6.55743062e-01	3.07243317e-01	4.50434498e-02	2.23566607e-01	-4.57205325e-02	-1.60530970e-01	4.22141492e-01	1.74284026e-01	5.48397899e-02	1.65729791e-01	1.57296538e-01	-1.48462012e-01	-3.78521048e-02	1.50329739e-01	-2.05411520e-02	1.30228577e-02	3.33411306e-01	-1.23844661e-01	9.73769203e-02	-1.15733802e-01	1.60923675e-02	-1.25131786e-01	1.41931660e-02	-1.30224362e-01	-1.08363554e-01	1.50239125e-01	8.39390233e-02	3.69057022e-02	-1.12734519e-01	-1.35242939e-01	-8.15292597e-01	2.29640022e-01	3.91600542e-02	-9.86947566e-02	1.13189161e-01	2.87756957e-02	8.51951122e-01	1.70685947e-01	5.19748330e-01	7.15516657e-02	
-3.66733253e-01	-2.80171726e-02	-8.36128071e-02	-2.00214267e-01	6.72757924e-02	1.19173117e-01	-3.68730463e-02	1.15262851e-01	1.36232615e-01	5.56148142e-02	-2.35162769e-02	-9.01519656e-02	-1.13224477e-01	5.00990823e-02	-6.04037903e-02	1.43282488e-01	3.79830860e-02	-7.08983094e-02	3.55166495e-02	1.90990463e-01	2.14754760e-01	-1.02488644e-01	4.95999902e-02	8.51436183e-02	-8.85816067e-02	-3.72319520e-02	-8.45788941e-02	7.47389048e-02	-3.73524800e-02	7.48114139e-02	7.25420535e-01	-1.34347841e-01	-1.01005165e-02	9.43703130e-02	1.79825753e-01	3.55693512e-02	-4.52212155e-01	6.17936701e-02	-1.58193618e-01	2.04504818e-01	
2.21670628e-01	7.39502758e-02	2.03307308e-02	1.99771509e-01	-1.17736503e-01	-1.67917877e-01	3.48062545e-01	1.50426418e-01	1.50430799e-01	-2.40134418e-01	-5.29899560e-02	1.37179881e-01	8.95477757e-02	2.13604197e-01	-5.88746294e-02	5.93355000e-02	1.59688234e-01	1.18468786e-02	7.59114996e-02	-2.83715397e-01	-6.80690557e-02	2.17345476e-01	-1.34464070e-01	1.37659773e-01	-1.55801803e-01	-1.06232181e-01	4.98529663e-03	-1.31442010e-01	6.33164681e-03	-7.87096322e-02	-1.95632696e-01	1.97708979e-01	8.04058649e-03	-4.86987556e-04	-1.56408519e-01	5.51757663e-02	1.00699246e-01	-1.16352208e-01	2.83351243e-01	5.98437563e-02	
-2.96068668e-01	-1.85838729e-01	4.00342532e-02	-1.36416793e-01	1.35471657e-01	7.06168413e-02	3.78144942e-02	1.69766471e-01	-1.71608347e-02	1.07027344e-01	-1.15427583e-01	-1.35385752e-01	-6.71689212e-02	-1.10983551e-01	-4.74009961e-02	1.85743958e-01	4.79805507e-02	9.19634476e-02	8.05705041e-02	1.26499251e-01	1.89227641e-01	8.23578704e-03	-4.79950570e-02	1.07322760e-01	1.26931131e-01	-1.45268574e-01	1.18001804e-01	8.28999188e-03	-1.26275644e-02	3.34425569e-02	7.78067112e-01	-2.22315580e-01	1.19483948e-01	2.00265758e-02	2.14063689e-01	8.58768728e-03	-2.11422712e-01	6.10631481e-02	-1.22252904e-01	1.21791847e-01	
5.11963844e-01	4.51292843e-02	-1.07426167e-01	9.38403830e-02	-2.20770389e-02	4.75634150e-02	2.35963851e-01	2.14415520e-01	8.81304517e-02	-1.99200232e-02	1.23988092e-01	5.96680939e-02	1.87073037e-01	1.34900272e-01	-8.30085874e-02	8.17798153e-02	1.27464682e-01	1.12312093e-01	-6.87852055e-02	-1.55209213e-01	-4.27474007e-02	6.18311316e-02	-2.41137166e-02	-1.12969287e-01	-8.12629312e-02	-3.55800800e-02	-1.49073318e-01	4.58229380e-03	6.72219396e-02	-1.62197307e-01	-5.90178668e-01	1.46069959e-01	9.13748518e-02	5.00952564e-02	-5.75447083e-02	6.43141717e-02	2.14413092e-01	5.84726781e-02	9.56185684e-02	1.23470418e-01	
4.80066091e-01	1.60856023e-01	5.03771082e-02	2.21522927e-01	3.66977639e-02	-9.19873193e-02	1.11616805e-01	8.76875222e-02	7.80398101e-02	-1.44926146e-01	-4.29592691e-02	-9.48067755e-02	1.46942779e-01	-5.35107106e-02	1.65682644e-01	-6.85248598e-02	2.62343455e-02	-7.46812820e-02	-1.52550459e-01	6.43241405e-02	3.70698385e-02	1.82040781e-01	-7.21426085e-02	3.13804485e-02	-1.47175357e-01	8.88178721e-02	-1.54846549e-01	-5.06119616e-02	1.62058339e-01	-3.77239175e-02	-7.37944543e-01	2.01164439e-01	3.66777070e-02	5.82058206e-02	9.38572660e-02	-1.01908319e-01	1.40077189e-01	8.95394236e-02	9.02144611e-02	6.64650202e-02	
8.49136114e-02	-1.55301288e-01	9.90372226e-02	-4.51697856e-02	-1.57116771e-01	-7.04887286e-02	-8.10190439e-02	1.22162946e-01	8.86840373e-02	-5.55700809e-02	7.20521733e-02	-1.04078064e-02	-1.54095396e-01	2.92625595e-02	-1.48633555e-01	-5.27348407e-02	-1.47092491e-02	1.31339431e-01	-1.09612197e-01	9.57609639e-02	-8.25395882e-02	-1.32258534e-01	-1.38200879e-01	7.60696754e-02	8.85504410e-02	6.43992350e-02	5.35889938e-02	1.54623955e-01	1.39534563e-01	-5.53000048e-02	7.05300421e-02	-2.62733940e-02	-1.05230488e-01	1.20074056e-01	-2.28792187e-02	-3.42268753e-03	-4.78127971e-02	-1.79018651e-03	-1.47063479e-01	4.54332046e-02	
1.20975055e-01	-9.69236121e-02	-5.19523658e-02	1.35454983e-01	9.65043977e-02	-1.49357215e-01	-1.30274996e-01	-4.99256775e-02	1.42118961e-01	-5.31025864e-02	-4.13901955e-02	1.08801911e-03	-1.36848852e-01	-1.53524354e-01	-1.57748669e-01	-1.03949785e-01	-1.12252176e-01	2.84382841e-03	-3.50947045e-02	8.70168209e-02	-2.65930928e-02	1.03365615e-01	5.69863655e-02	3.90920676e-02	9.16662663e-02	6.06227778e-02	7.67407045e-02	1.96773801e-02	-1.50856050e-02	1.06428705e-01	9.67738330e-02	1.22275278e-01	-1.23471245e-02	1.03217199e-01	1.45927882e-02	1.54482394e-01	-9.50398520e-02	-8.85459334e-02	-8.67083482e-03	1.34101272e-01	
-4.71555978e-01	-1.78956047e-01	-6.20045001e-03	-1.59534618e-01	-5.01398034e-02	1.47935286e-01	2.91865226e-02	1.55137181e-01	1.42588854e-01	5.46147898e-02	1.17753312e-01	-2.84151211e-02	-1.45177767e-01	1.56857818e-01	1.78523600e-01	1.71111926e-01	-2.30038792e-01	-1.06017806e-01	-1.69623848e-02	-9.86825824e-02	1.44203514e-01	-7.59916008e-02	1.26122579e-01	2.30929814e-03	-3.87536176e-02	-1.11507669e-01	2.12039705e-03	6.21093698e-02	-1.23439454e-01	-1.72172263e-02	8.28138769e-01	-1.00636318e-01	1.42703742e-01	1.46451414e-01	2.30284166e-02	-3.58494222e-02	-3.42336088e-01	8.58547911e-02	3.51887830e-02	9.07001197e-02	
3.88690144e-01	2.17941459e-02	-9.65157598e-02	1.41188473e-01	-1.16053380e-01	1.03855968e-01	2.15057895e-01	-2.20819786e-02	4.96302508e-02	-1.23530805e-01	4.16093655e-02	-1.19746543e-01	1.93784148e-01	1.08025514e-01	-5.84682114e-02	1.24292627e-01	1.96589176e-02	1.54542729e-01	1.02604851e-01	-9.55345556e-02	-7.86718130e-02	4.32279259e-02	-6.97803050e-02	-5.57321422e-02	-1.09913852e-02	-5.30500337e-02	-1.45772725e-01	-1.28990123e-02	-2.31590196e-02	2.03508642e-02	-5.02807558e-01	1.93072468e-01	-1.21098481e-01	3.39442044e-02	7.77642503e-02	9.00249258e-02	2.17216089e-01	1.73611984e-01	1.84113622e-01	-7.31496364e-02	
3.72839272e-01	2.01778993e-01	1.40983447e-01	2.17076942e-01	1.09396751e-04	-1.03321373e-01	3.36701661e-01	1.34379238e-01	5.42050898e-02	-3.59250084e-02	-3.30041572e-02	9.84524786e-02	-2.85419961e-03	1.20716155e-01	-9.33332741e-02	9.90005955e-02	9.92952883e-02	1.71274796e-01	-1.75652397e-03	2.06573564e-03	6.61811605e-02	1.07238129e-01	6.60783350e-02	2.51055826e-02	-7.43477717e-02	3.66757028e-02	-1.00241952e-01	-2.33070645e-02	1.43807441e-01	3.27161252e-02	-5.59880853e-01	5.23050018e-02	-1.44077957e-01	1.60913337e-02	8.73057451e-03	-2.38145832e-02	3.05240154e-01	-8.45531523e-02	3.63256223e-02	1.09934777e-01	
3.51602018e-01	2.19321758e-01	1.20714612e-01	1.42092288e-01	-5.98029187e-03	6.35780171e-02	3.83852303e-01	9.71184224e-02	-1.59358457e-02	-9.93626416e-02	2.04091296e-01	-1.88914302e-03	4.65886481e-02	1.79354340e-01	3.10013280e-03	2.43873205e-02	1.66340515e-01	1.67662308e-01	-2.19228193e-02	-1.50186598e-01	-1.71001092e-01	1.03418455e-01	-3.47069912e-02	4.58766371e-02	2.52837706e-02	-4.78847884e-02	-3.89343984e-02	-1.32188991e-01	2.28782501e-02	-6.89191148e-02	-5.20213246e-01	-6.94472855e-03	-1.36434704e-01	5.94306597e-03	8.23359862e-02	-4.18625362e-02	1.21178374e-01	1.19038641e-01	1.74789906e-01	-8.24825168e-02	
5.38569689e-01	5.05428426e-02	-8.47981647e-02	2.34135702e-01	9.77014154e-02	-2.00259071e-02	3.39910001e-01	1.54678777e-01	-1.38104931e-01	-1.61038145e-01	1.96250454e-01	1.12627372e-01	1.47568852e-01	1.98839828e-01	7.77741522e-02	1.40948698e-01	2.11472705e-01	1.05749117e-02	-7.01399893e-02	7.11212009e-02	6.82878941e-02	-5.33332974e-02	-1.76030118e-02	-1.54392809e-01	-1.21343859e-01	1.06139638e-01	1.50997028e-01	1.16946466e-01	1.38385653e-01	-7.81500787e-02	-5.72206438e-01	1.78948000e-01	1.44875839e-01	-7.78588206e-02	-9.60625634e-02	-4.54562195e-02	2.43802667e-01	-4.21918593e-02	-7.06223119e-03	-4.06747870e-02	
3.97328794e-01	9.47428644e-02	1.41563475e-01	1.00360483e-01	1.09930061e-01	4.07886989e-02	3.67771208e-01	1.60220668e-01	-1.16360575e-01	-1.55029888e-03	8.33922923e-02	4.51503433e-02	1.94748156e-02	1.49389908e-01	-9.96527374e-02	-2.05071270e-03	3.21720600e-01	-1.51398599e-01	-1.18179828e-01	3.70190032e-02	1.01548828e-01	-2.28802085e-01	-2.06659026e-02	-4.69924584e-02	-3.33898403e-02	1.18772067e-01	5.83156124e-02	1.48725361e-01	1.39761195e-01	-2.06080422e-01	-6.17617965e-01	1.22181080e-01	6.89645112e-02	-9.69168842e-02	1.37041677e-02	-1.00024551e-01	5.06560922e-01	1.50354683e-01	2.95931369e-01	-7.25449994e-02	
-2.24051997e-01	1.21793216e-02	-3.44586186e-02	-5.09315543e-02	6.57332912e-02	-7.90885314e-02	-1.52283117e-01	-4.55103405e-02	-8.08189064e-02	2.54627056e-02	-3.37735973e-02	-5.49080595e-02	-4.21085097e-02	5.18645421e-02	-2.27843039e-02	1.65335864e-01	-1.93069011e-01	-1.15948163e-01	-1.00435000e-02	2.04996258e-01	1.38698727e-01	1.17075607e-01	1.47491261e-01	3.32656503e-02	5.67347258e-02	3.15460600e-02	8.43267590e-02	9.75059345e-02	-6.75300062e-02	3.57377641e-02	7.43821561e-01	-6.28415570e-02	-1.15943849e-01	1.93458796e-01	1.70427918e-01	-9.47972536e-02	-3.25368255e-01	9.88509953e-02	-4.21895646e-02	1.79936916e-01	
5.62977791e-01	6.95497543e-03	-1.60863940e-02	2.00809911e-01	7.71412626e-02	5.88637590e-02	3.57080907e-01	1.38176665e-01	-7.81881139e-02	-1.28743157e-01	-1.59533881e-02	1.90177164e-03	1.51532426e-01	-3.40959840e-02	7.57690445e-02	1.48500964e-01	-1.67205464e-02	1.18248336e-01	-1.46054611e-01	7.62734488e-02	7.99013302e-02	-7.08713457e-02	8.41952339e-02	7.98700154e-02	1.44988000e-02	2.78417654e-02	1.23436525e-01	2.72537246e-02	6.17414527e-02	-2.05163360e-01	-5.49014211e-01	1.19586080e-01	-1.13881208e-01	-2.76296474e-02	-1.41779646e-01	1.48250043e-01	2.88794547e-01	1.95250064e-02	3.99704315e-02	-1.23503402e-01	
6.16521053e-02	-1.58652421e-02	-5.07115796e-02	-3.64664346e-02	-1.04096174e-01	1.38432652e-01	3.39743234e-02	-6.09145686e-03	-3.29012685e-02	9.57712755e-02	-1.19612686e-01	6.93190694e-02	-6.45822942e-01	-3.03930461e-01	1.31373212e-01	1.34832025e-01	1.26572222e-01	-7.89055526e-01	7.61004910e-02	4.96860631e-02	1.51525706e-01	-1.66697943e+00	6.71097040e-02	-1.57077476e-01	-2.12298110e-02	4.61385772e-02	6.10049181e-02	3.95888984e-02	-3.44185680e-01	1.92974970e-01	2.08938360e+00	3.47049907e-02	-2.74364627e-03	2.41272256e-01	7.32282028e-02	-1.14431418e-01	-1.70160210e+00	-3.16384770e-02	-5.29302508e-02	-2.10906580e-01	
3.47779721e-01	6.59204349e-02	4.81296517e-02	1.67038850e-02	-7.94521570e-02	7.57737681e-02	1.97620347e-01	1.61616266e-01	-1.28748462e-01	-1.67376310e-01	2.45309219e-01	-1.05770521e-01	2.07754195e-01	1.58948243e-01	-6.77104816e-02	2.00562447e-01	5.83584011e-02	1.19588509e-01	5.96861318e-02	-1.25134990e-01	-2.77976170e-02	1.67929620e-01	-3.09207179e-02	-2.07051784e-02	-1.71629116e-01	1.33636460e-01	-8.33738446e-02	3.70327421e-02	2.92405412e-02	-9.81733873e-02	-8.22932839e-01	2.31563956e-01	-3.24581191e-03	-3.74697149e-02	-1.09530762e-01	-4.57033999e-02	9.25995931e-02	1.36863917e-01	1.49131358e-01	8.26515332e-02	
-5.91528676e-02	-1.04475982e-01	1.20657706e-03	1.15241468e-01	6.62627742e-02	-1.26526803e-01	-1.31498218e-01	1.15393117e-01	-1.21129490e-01	-1.38459995e-01	8.34370032e-02	-1.29037261e-01	-1.38481110e-01	-9.40997750e-02	1.21428613e-02	2.38891691e-02	9.55043882e-02	3.42592336e-02	5.09471111e-02	-1.54396579e-01	2.70046219e-02	4.77714390e-02	5.55807091e-02	3.78626287e-02	-8.29758719e-02	2.67286170e-02	-2.73900758e-02	-1.22021595e-02	-5.70420995e-02	-1.54148728e-01	-6.53406307e-02	-1.46849543e-01	1.02247894e-01	-3.43277641e-02	-9.62370262e-02	1.42228365e-01	1.22801922e-01	7.65248239e-02	1.07311040e-01	6.33815154e-02	
5.54486871e-01	2.13712938e-02	-9.40196142e-02	1.46820962e-01	5.44328019e-02	1.47406265e-01	2.48082429e-01	9.71405506e-02	-8.61183852e-02	1.11369722e-01	1.92301854e-01	6.76595420e-02	1.29710376e-01	3.07059828e-02	-5.71776964e-02	4.26936559e-02	-2.28211209e-02	1.16693974e-01	7.84780271e-03	9.68098193e-02	-6.56527206e-02	1.22869477e-01	-2.00852603e-01	6.04818091e-02	-4.17611599e-02	-9.49206427e-02	-1.44112051e-01	7.55420104e-02	1.50567397e-01	1.14449516e-01	-7.43562162e-01	5.42427488e-02	1.54728383e-01	-2.98254434e-02	-1.41812965e-01	-8.15337077e-02	1.83915377e-01	-1.55418999e-02	5.33981323e-02	4.38374616e-02	
-2.33632803e-01	-1.09945193e-01	-6.18347079e-02	2.87924241e-02	1.17025571e-03	-7.79223293e-02	-1.98093921e-01	1.19475342e-01	-7.56730437e-02	1.01530343e-01	5.08194268e-02	-4.88989800e-02	-2.98591368e-02	1.13498025e-01	2.14011502e-02	1.70229480e-01	2.39193682e-02	-2.10882928e-02	7.35146701e-02	-1.84273198e-02	1.12690389e-01	1.55561060e-01	1.65670544e-01	2.34411713e-02	3.11711729e-02	-2.40002610e-02	-1.42078608e-01	-6.49343655e-02	-1.12070218e-01	1.04756951e-01	7.12571204e-01	-1.23862579e-01	5.68457954e-02	1.72727685e-02	7.77016729e-02	5.37254401e-02	-4.71065313e-01	-3.68954465e-02	-5.06483242e-02	2.28660688e-01	
1.69139430e-02	1.13271959e-01	-2.04629917e-02	-5.88868409e-02	5.73000498e-02	-3.90521772e-02	-1.75728165e-02	-8.89604241e-02	-2.44462714e-02	4.72674184e-02	-1.44852817e-01	1.26366451e-01	6.06393181e-02	-3.89163420e-02	-1.71770647e-01	4.33269814e-02	2.33140066e-02	7.96782002e-02	-8.01154599e-02	6.80264458e-02	-1.43567353e-01	1.01708390e-01	-7.15862736e-02	5.95900416e-02	-1.70187708e-02	-5.35474308e-02	1.48914993e-01	2.32028682e-02	-5.23958243e-02	-9.16029662e-02	4.68092859e-02	-1.87541083e-01	-4.42893356e-02	6.12376593e-02	-1.17824942e-01	1.36953339e-01	2.95496508e-02	-1.67546228e-01	-8.54720697e-02	1.15773477e-01	
-1.51811793e-01	-1.52523415e-02	5.64925149e-02	9.71306041e-02	5.72587661e-02	5.12085622e-03	8.88332427e-02	4.88979043e-03	7.53722787e-02	7.65480325e-02	2.42053904e-02	-1.39483839e-01	-4.96138148e-02	-1.40476242e-01	5.85070960e-02	-3.89861390e-02	1.07044518e-01	-1.11892313e-01	-7.31830820e-02	-1.33126676e-01	-9.29919332e-02	-7.28400191e-03	-5.85770980e-02	1.64149441e-02	-6.30397573e-02	1.35305077e-01	-4.51816693e-02	1.09854080e-01	1.44236073e-01	6.87139556e-02	7.31861517e-02	-1.49755865e-01	2.85237283e-02	1.56360507e-01	9.12231728e-02	-1.11929543e-01	-8.54308158e-02	-1.54487029e-01	9.69926864e-02	-1.29022390e-01	
-1.17277674e-01	-1.52174354e-01	-1.15904227e-01	-1.44894570e-01	9.68730375e-02	-3.20992023e-02	1.26868919e-01	-3.73136401e-02	-4.63356376e-02	-3.00303381e-02	-3.28797810e-02	1.47563711e-01	9.59270447e-02	-1.49157643e-01	2.67330315e-02	1.49771512e-01	-9.85142291e-02	7.43245184e-02	5.26215695e-02	-1.08855799e-01	-5.36787882e-02	-1.16370998e-01	-1.05714291e-01	9.23633650e-02	-1.03794634e-01	-3.82030904e-02	-3.99312489e-02	9.50063244e-02	6.71471581e-02	-7.01151416e-02	-1.05762020e-01	1.19531348e-01	1.56092554e-01	-4.81543839e-02	1.11483373e-01	-7.13526681e-02	-1.10611945e-01	-5.93909062e-02	-9.48264152e-02	2.62593459e-02	
-2.79167354e-01	-7.96142966e-02	1.07116543e-01	-1.91991888e-02	1.36718422e-01	2.15613529e-01	5.77217154e-02	3.44696045e-02	-1.31633937e-01	3.99559960e-02	1.73444167e-01	3.87647972e-02	-5.19124046e-02	-4.93968017e-02	-3.36152911e-02	1.82899043e-01	-1.68029740e-01	-1.77934170e-01	-9.23188999e-02	-2.61159427e-02	5.55392615e-02	-1.12028480e-01	1.13515824e-01	2.91368924e-02	-4.56651673e-02	8.45548064e-02	-8.17111284e-02	-5.14981523e-02	-1.12035237e-01	1.97795659e-01	7.19530702e-01	4.32344675e-02	1.26518384e-01	5.11807725e-02	2.02795826e-02	-1.16465017e-01	-6.97594285e-02	1.76074639e-01	-1.62660331e-02	3.12042180e-02	
-4.23460007e-01	-6.42231759e-03	-4.24495563e-02	-1.22678804e-03	-6.95120096e-02	2.32881159e-01	-1.18757516e-01	4.89851311e-02	-1.00506544e-01	1.26339242e-01	-1.76456347e-01	-1.28104851e-01	7.65811354e-02	2.15903055e-02	-1.58107560e-02	1.57821402e-01	-8.83998722e-02	6.86754808e-02	-8.03037956e-02	1.70386247e-02	1.79725930e-01	-1.70671448e-01	-2.71219164e-02	-4.82623093e-02	-1.65298041e-02	1.02130860e-01	9.86130461e-02	8.15462247e-02	-8.63995701e-02	7.53618628e-02	6.15782022e-01	-1.50808860e-02	-1.51486233e-01	2.43557245e-01	1.89113900e-01	6.71005100e-02	-2.52102613e-01	1.84946328e-01	-3.04282568e-02	1.57392979e-01	
-4.60475922e-01	-1.77068561e-01	5.67869656e-02	-1.32387444e-01	1.06348926e-02	1.48472264e-01	7.02813864e-02	-7.54149109e-02	6.33462965e-02	1.63394958e-01	1.19071990e-01	2.44760569e-02	-2.17176795e-01	8.10631216e-02	1.98374882e-01	1.74266398e-01	1.87122589e-03	-3.79031375e-02	8.89848620e-02	4.94935215e-02	1.97908223e-01	1.36095613e-01	1.66741177e-01	-2.84264497e-02	1.91117719e-01	8.42583403e-02	-1.29618302e-01	7.83736035e-02	-1.15329728e-01	1.34350821e-01	6.79021478e-01	-5.08351550e-02	-4.46643494e-02	2.20313132e-01	1.42253861e-01	-8.22595879e-02	-8.38989317e-02	-7.95389619e-03	-8.29716027e-02	3.24043818e-02	
4.56613392e-01	-5.75586148e-02	6.56112060e-02	1.03577383e-01	-5.37944958e-02	1.21197611e-01	2.96316445e-01	8.13548490e-02	1.24919258e-01	-2.84527373e-02	1.19120516e-01	-3.81544046e-02	1.36217996e-01	8.42366144e-02	-8.67560878e-02	1.18829586e-01	2.41424963e-01	8.13688338e-02	1.25039116e-01	1.06123604e-01	-3.28485481e-02	-3.71777602e-02	-1.35113806e-01	4.12707441e-02	-1.06084913e-01	8.60493537e-03	-3.51677611e-02	-1.38463005e-01	-9.02204365e-02	-1.85494035e-01	-6.01144791e-01	2.36680523e-01	1.07135125e-01	-2.02468991e-01	-4.02603559e-02	6.79627433e-02	3.42195809e-01	1.28224820e-01	1.02472924e-01	1.09225057e-01	
-3.29697520e-01	-1.00696586e-01	1.07545927e-01	-2.54711896e-01	8.98080021e-02	-8.89748894e-03	-7.61674531e-03	2.13084668e-01	3.39007005e-03	2.14855552e-01	2.55684573e-02	5.88029437e-02	5.54774031e-02	-7.21317232e-02	9.94622335e-02	1.70928851e-01	-2.04416424e-01	-1.41865581e-01	1.24861047e-01	2.12031186e-01	-1.27318399e-02	3.65502313e-02	-1.47826634e-02	-1.73082761e-02	8.05624947e-02	-3.27919833e-02	1.47077382e-01	-1.02408692e-01	-6.13436513e-02	1.11251928e-01	8.51747155e-01	9.30442289e-02	-4.24291268e-02	1.09000310e-01	9.56415161e-02	-4.03462760e-02	-2.94269800e-01	2.65255850e-02	8.59514996e-02	-1.48477927e-02	
3.89460981e-01	1.93803951e-01	2.86936108e-02	4.31902930e-02	1.44996390e-01	-7.40494952e-02	4.13687319e-01	6.97279498e-02	1.20262085e-02	2.94170380e-02	-4.12114225e-02	-4.83357832e-02	1.96894690e-01	1.06022313e-01	2.79730707e-02	-7.03221783e-02	2.46375874e-01	3.43750766e-03	6.61402866e-02	1.05850048e-01	-5.75366616e-02	1.91995293e-01	-1.10092856e-01	-1.13263875e-01	1.16026290e-01	1.11482218e-02	-9.30241272e-02	4.35119979e-02	2.11830989e-01	1.08678170e-01	-6.40395820e-01	-5.11077233e-02	1.11546859e-01	-6.55439198e-02	2.86127776e-02	1.00096852e-01	3.26589167e-01	-4.88451384e-02	3.95672768e-02	8.92088264e-02	
6.65714368e-02	7.69078955e-02	-1.53989196e-01	1.84179228e-02	8.69252346e-03	-1.73105031e-01	1.17932893e-01	-8.93743336e-02	-1.53524846e-01	-1.30086625e-02	-1.52184114e-01	2.35324185e-02	3.72161828e-02	1.06343046e-01	-3.29012573e-02	2.43447963e-02	-1.66282743e-01	-5.79114147e-02	-1.55447707e-01	-1.39083296e-01	4.38996591e-03	4.95017730e-02	-6.41064942e-02	4.99677553e-05	1.15903495e-02	7.50797242e-02	1.39429659e-01	1.42158672e-01	1.05164647e-01	-7.43315965e-02	4.15779203e-02	-1.08681731e-01	-4.69435081e-02	1.30391359e-01	-1.36896998e-01	5.86915463e-02	-5.86252995e-02	1.20860241e-01	-1.66657746e-01	5.67035899e-02	
-1.02589980e-01	-2.63554174e-02	-2.72811875e-02	1.53287813e-01	4.55426946e-02	1.16438065e-02	-1.10383272e-01	-1.35781080e-01	3.43761556e-02	-3.47741470e-02	-8.35979357e-02	1.01619713e-01	1.52214900e-01	-1.37795344e-01	-1.03624411e-01	-1.00185782e-01	1.12352431e-01	-7.22207427e-02	-1.39876353e-02	3.44895497e-02	5.92236072e-02	-6.74040094e-02	-1.21250592e-01	2.50564814e-02	-1.18862338e-01	-1.30143717e-01	5.19613549e-02	-1.34385794e-01	-1.12948216e-01	3.58450320e-03	1.28572792e-01	4.61807773e-02	7.02024922e-02	-6.19735681e-02	7.51393661e-02	9.87833291e-02	1.49422243e-01	1.95950503e-03	1.11164853e-01	4.38732328e-03	
4.62052375e-01	1.90630764e-01	-2.79091857e-02	-3.17978971e-02	9.80501845e-02	4.55351621e-02	1.53804928e-01	1.86811253e-01	9.50408503e-02	-1.81640804e-01	2.05585748e-01	7.97854811e-02	7.22017884e-02	2.15127572e-01	-8.38473216e-02	1.09607942e-01	-2.75653284e-02	1.84155002e-01	-2.49932073e-02	1.01060830e-01	-1.77375615e-01	1.68918997e-01	-1.41744688e-01	-1.07677743e-01	-3.24521661e-02	7.84692466e-02	1.17366850e-01	1.30558178e-01	2.59349085e-02	-9.03703645e-02	-7.58063853e-01	5.86066693e-02	2.55677886e-02	-9.12375003e-02	-1.01618201e-01	-7.58605897e-02	4.31357138e-02	1.58069313e-01	-4.95695435e-02	1.47677079e-01	
-7.45125040e-02	4.08224761e-03	2.47725844e-02	-3.32557969e-02	1.17693059e-01	1.33526295e-01	1.10877104e-01	-1.18047623e-02	-1.20472372e-01	3.10602840e-02	1.18357413e-01	-5.42006679e-02	-3.31021957e-02	1.28076792e-01	-1.33104429e-01	-3.20864469e-02	-9.93037745e-02	-7.93347731e-02	-3.54020880e-03	7.18943253e-02	-5.41003384e-02	-8.75148773e-02	-1.06058903e-01	-1.16361476e-01	-1.26953170e-01	-1.41546845e-01	5.15420102e-02	1.04969867e-01	5.99530898e-02	-4.56940606e-02	1.02875635e-01	1.07581213e-01	-9.24622864e-02	1.23342112e-01	9.47953165e-02	-6.29508719e-02	-1.63865387e-02	-4.71971035e-02	8.96023959e-02	-1.18313111e-01	
-1.30148187e-01	1.00246131e-01	-3.80399376e-02	-2.47788019e-02	2.98109576e-02	-1.14452966e-01	1.30176201e-01	1.15311243e-01	-1.49860322e-01	-4.88038734e-02	-4.58919145e-02	-1.53450564e-01	7.67088532e-02	-1.22354910e-01	1.14523031e-01	8.73349905e-02	5.67977279e-02	-3.75558361e-02	-2.27717068e-02	-1.43179491e-01	-1.65406212e-01	-8.54423419e-02	9.94118024e-03	-1.82916466e-02	3.25728692e-02	-1.44451782e-01	9.22904015e-02	1.44707382e-01	-1.08403184e-01	6.86497390e-02	1.35978088e-01	-1.48546576e-01	-7.27124105e-04	1.33175403e-01	-1.51897475e-01	9.49304923e-02	1.46620050e-01	1.36567011e-01	-1.17870107e-01	-1.63207322e-01	
-8.31663236e-02	5.24209104e-02	-1.50382012e-01	-2.40430996e-01	5.99697679e-02	-4.24746692e-01	2.32061282e-01	-1.89826310e-01	2.04662755e-01	-1.65921703e-01	-2.02307522e-01	1.17283203e-01	3.72425392e-02	2.22772121e-01	-1.52482301e-01	-1.52176827e-01	-1.85660884e-01	-1.81169778e-01	-3.64787966e-01	1.72280982e-01	-3.15747827e-01	2.25885916e+00	-1.70908540e-01	7.17626736e-02	-2.06540987e-01	2.76926726e-01	7.76610374e-02	-1.31089864e-02	3.46523821e-02	1.93928063e-01	1.12959258e-01	1.80107042e-01	-1.83149353e-01	1.43842384e-01	-1.50007144e-01	1.39036225e-02	4.33469787e-02	-2.05864578e-01	-1.57276720e-01	-1.18964851e-01	
1.31911829e-01	
-2.36691739e-02	
8.22211653e-02	
1.78587120e-02	
-2.67259264e-03	
-6.85430586e-01	
5.15860915e-01	
3.59772891e-01	
-1.48828074e-01	
5.13631284e-01	
4.31306392e-01	
-2.44869485e-01	
-8.21939170e-01	
-4.19994183e-02	
6.63169861e-01	
2.60443240e-01	
4.58171070e-01	
-3.71657342e-01	
-2.02627778e-02	
1.06094234e-01	
-6.95764303e-01	
-1.59319386e-01	
3.82940918e-01	
4.03047144e-01	
-5.45251727e-01	
5.85076749e-01	
2.24872619e-01	
2.71018711e-03	
-4.95853633e-01	
7.50593364e-01	
4.00531083e-01	
-9.33553353e-02	
4.90170754e-02	
-5.31607687e-01	
1.34320753e-02	
-9.01927426e-03	
1.69371501e-01	
-5.27629793e-01	
-5.74629486e-01	
4.81442094e-01	
1.34969071e-01	
1.11542596e-02	
-1.70342159e-02	
-6.55627623e-02	
-2.36067381e-02	
-9.23354328e-02	
2.12331060e-02	
-6.52183965e-02	
9.06326622e-02	
-5.42832837e-02	
1.13145210e-01	
-1.28624052e-01	
1.61029816e-01	
2.02644020e-01	
1.09632872e-01	
1.09993570e-01	
1.57963205e-02	
1.79815814e-01	
-1.53427511e-01	
1.46501169e-01	
7.78510049e-02	
1.06624030e-01	
1.07025370e-01	
-3.00750844e-02	
1.21091440e-01	
-4.78390418e-03	
-1.41030416e-01	
-1.16992153e-01	
1.78400397e-01	
-3.25192213e-02	
-1.87352076e-01	
6.84419498e-02	
-9.81732011e-02	
-6.19623698e-02	
2.18911633e-01	
1.32797927e-01	
9.68290940e-02	
8.58531818e-02	
-3.22935916e-02	
7.35360980e-02	
-1.44047529e-01	
7.48224109e-02	
1.68654636e-01	
1.86271831e-01	
-1.50645161e-02	
-2.04360560e-01	
1.89782873e-01	
-3.33664007e-02	
1.56543687e-01	
4.47552130e-02	
1.95235044e-01	
-6.38801530e-02	
4.51095812e-02	
4.65914644e-02	
-1.64339412e-02	
1.71193630e-01	
4.28557396e-02	
-4.05980237e-02	
-4.16286364e-02	
1.06544703e-01	
2.05119457e-02	
-2.19926432e-01	
1.64882377e-01	
-1.62645191e-01	
-4.38279286e-02	
-9.59262475e-02	
2.22538840e-02	
-1.47403181e-02	
-1.14927754e-01	
9.03691500e-02	
-1.75957173e-01	
-4.66848500e-02	
5.99079728e-02	
1.63666874e-01	
1.32175818e-01	
-7.60192499e-02	
-1.13908231e-01	
1.74900204e-01	
-8.59924182e-02	
-1.21063523e-01	
-6.58865198e-02	
